0.15372
0.21622
0.71622
0.96622
0.46622
0.34122
0.84122
0.59122
0.09122
0.12247
0.62247
0.87247
0.37247
0.49747
0.99747
0.74747
0.24747
0.18497
0.68497
0.93497
0.43497
0.30997
0.80997
0.55997
0.05997
0.04435
0.54435
0.79435
0.29435
0.41935
0.91935
0.66935
0.16935
0.23185
0.73185
0.98185
0.48185
0.35685
0.85685
0.60685
0.10685
0.07560
0.57560
0.82560
0.32560
0.45060
0.95060
0.70060
0.20060
0.13810
0.63810
0.88810
0.38810
0.26310
0.76310
0.51310
0.01310
0.00919
0.50919
0.75919
0.25919
0.38419
0.88419
0.63419
0.13419
0.19669
0.69669
0.94669
0.44669
0.32169
0.82169
0.57169
0.07169
0.10294
0.60294
0.85294
0.35294
0.47794
0.97794
0.72794
0.22794
0.16544
0.66544
0.91544
0.41544
0.29044
0.79044
0.54044
0.04044
0.05607
0.55607
0.80607
0.30607
0.43107
0.93107
0.68107
0.18107
0.24357
0.74357
0.99357
0.49357
0.36857
0.86857
0.61857
0.11857
0.08732
0.58732
0.83732
0.33732
0.46232
0.96232
0.71232
0.21232
0.14982
0.64982
0.89982
0.39982
0.27482
0.77482
0.52482
0.02482
0.01700
0.51700
0.76700
0.26700
0.39200
0.89200
0.64200
0.14200
0.20450
0.70450
0.95450
0.45450
0.32950
0.82950
0.57950
0.07950
0.11075
0.61075
0.86075
0.36075
0.48575
0.98575
0.73575
0.23575
0.17325
0.67325
0.92325
0.42325
0.29825
0.79825
0.54825
0.04825
0.03263
0.53263
0.78263
0.28263
0.40763
0.90763
0.65763
0.15763
0.22013
0.72013
0.97013
0.47013
0.34513
0.84513
0.59513
0.09513
0.06388
0.56388
0.81388
0.31388
0.43888
0.93888
0.68888
0.18888
0.12638
0.62638
0.87638
0.37638
0.25138
0.75138
0.50138
0.00138
0.00187
0.50187
0.75187
0.25187
0.37687
0.87687
0.62687
0.12687
0.18937
0.68937
0.93937
0.43937
0.31437
0.81437
0.56437
0.06437
0.09562
0.59562
0.84562
0.34562
0.47062
0.97062
0.72062
0.22062
0.15812
0.65812
0.90812
0.40812
0.28312
0.78312
0.53312
0.03312
0.04874
0.54874
0.79874
0.29874
0.42374
0.92374
0.67374
0.17374
0.23624
0.73624
0.98624
0.48624
0.36124
0.86124
0.61124
0.11124
0.07999
0.57999
0.82999
0.32999
0.45499
0.95499
0.70499
0.20499
0.14249
0.64249
0.89249
0.39249
0.26749
0.76749
0.51749
0.01749
0.02531
0.52531
0.77531
0.27531
0.40031
0.90031
0.65031
0.15031
0.21281
0.71281
0.96281
0.46281
0.33781
0.83781
0.58781
0.08781
0.11906
0.61906
0.86906
0.36906
0.49406
0.99406
0.74406
0.24406
0.18156
0.68156
0.93156
0.43156
0.30656
0.80656
0.55656
0.05656
0.04093
0.54093
0.79093
0.29093
0.41593
0.91593
0.66593
0.16593
0.22843
0.72843
0.97843
0.47843
0.35343
0.85343
0.60343
0.10343
0.07218
0.57218
0.82218
0.32218
0.44718
0.94718
0.69718
0.19718
0.13468
0.63468
0.88468
0.38468
0.25968
0.75968
0.50968
0.00968
0.01359
0.51359
0.76359
0.26359
0.38859
0.88859
0.63859
0.13859
0.20109
0.70109
0.95109
0.45109
0.32609
0.82609
0.57609
0.07609
0.10734
0.60734
0.85734
0.35734
0.48234
0.98234
0.73234
0.23234
0.16984
0.66984
0.91984
0.41984
0.29484
0.79484
0.54484
0.04484
0.06046
0.56046
0.81046
0.31046
0.43546
0.93546
0.68546
0.18546
0.24796
0.74796
0.99796
0.49796
0.37296
0.87296
0.62296
0.12296
0.09171
0.59171
0.84171
0.34171
0.46671
0.96671
0.71671
0.21671
0.15421
0.65421
0.90421
0.40421
0.27921
0.77921
0.52921
0.02921
0.02140
0.52140
0.77140
0.27140
0.39640
0.89640
0.64640
0.14640
0.20890
0.70890
0.95890
0.45890
0.33390
0.83390
0.58390
0.08390
0.11515
0.61515
0.86515
0.36515
0.49015
0.99015
0.74015
0.24015
0.17765
0.67765
0.92765
0.42765
0.30265
0.80265
0.55265
0.05265
0.03702
0.53702
0.78702
0.28702
0.41202
0.91202
0.66202
0.16202
0.22452
0.72452
0.97452
0.47452
0.34952
0.84952
0.59952
0.09952
0.06827
0.56827
0.81827
0.31827
0.44327
0.94327
0.69327
0.19327
0.13077
0.63077
0.88077
0.38077
0.25577
0.75577
0.50577
0.00577
0.00773
0.50773
0.75773
0.25773
0.38273
0.88273
0.63273
0.13273
0.19523
0.69523
0.94523
0.44523
0.32023
0.82023
0.57023
0.07023
0.10148
0.60148
0.85148
0.35148
0.47648
0.97648
0.72648
0.22648
0.16398
0.66398
0.91398
0.41398
0.28898
0.78898
0.53898
0.03898
0.05460
0.55460
0.80460
0.30460
0.42960
0.92960
0.67960
0.17960
0.24210
0.74210
0.99210
0.49210
0.36710
0.86710
0.61710
0.11710
0.08585
0.58585
0.83585
0.33585
0.46085
0.96085
0.71085
0.21085
0.14835
0.64835
0.89835
0.39835
0.27335
0.77335
0.52335
0.02335
0.03117
0.53117
0.78117
0.28117
0.40617
0.90617
0.65617
0.15617
0.21867
0.71867
0.96867
0.46867
0.34367
0.84367
0.59367
0.09367
0.12492
0.62492
0.87492
0.37492
0.49992
0.99992
0.74992
0.24992
0.18742
0.68742
0.93742
0.43742
0.31242
0.81242
0.56242
0.06242
0.04679
0.54679
0.79679
0.29679
0.42179
0.92179
0.67179
0.17179
0.23429
0.73429
0.98429
0.48429
0.35929
0.85929
0.60929
0.10929
0.07804
0.57804
0.82804
0.32804
0.45304
0.95304
0.70304
0.20304
0.14054
0.64054
0.89054
0.39054
0.26554
0.76554
0.51554
0.01554
0.01163
0.51163
0.76163
0.26163
0.38663
0.88663
0.63663
0.13663
0.19913
0.69913
0.94913
0.44913
0.32413
0.82413
0.57413
0.07413
0.10538
0.60538
0.85538
0.35538
0.48038
0.98038
0.73038
0.23038
0.16788
0.66788
0.91788
0.41788
0.29288
0.79288
0.54288
0.04288
0.05851
0.55851
0.80851
0.30851
0.43351
0.93351
0.68351
0.18351
0.24601
0.74601
0.99601
0.49601
0.37101
0.87101
0.62101
0.12101
0.08976
0.58976
0.83976
0.33976
0.46476
0.96476
0.71476
0.21476
0.15226
0.65226
0.90226
0.40226
0.27726
0.77726
0.52726
0.02726
0.01945
0.51945
0.76945
0.26945
0.39445
0.89445
0.64445
0.14445
0.20695
0.70695
0.95695
0.45695
0.33195
0.83195
0.58195
0.08195
0.11320
0.61320
0.86320
0.36320
0.48820
0.98820
0.73820
0.23820
0.17570
0.67570
0.92570
0.42570
0.30070
0.80070
0.55070
0.05070
0.03507
0.53507
0.78507
0.28507
0.41007
0.91007
0.66007
0.16007
0.22257
0.72257
0.97257
0.47257
0.34757
0.84757
0.59757
0.09757
0.06632
0.56632
0.81632
0.31632
0.44132
0.94132
0.69132
0.19132
0.12882
0.62882
0.87882
0.37882
0.25382
0.75382
0.50382
0.00382
0.00284
0.50284
0.75284
0.25284
0.37784
0.87784
0.62784
0.12784
0.19034
0.69034
0.94034
0.44034
0.31534
0.81534
0.56534
0.06534
0.09659
0.59659
0.84659
0.34659
0.47159
0.97159
0.72159
0.22159
0.15909
0.65909
0.90909
0.40909
0.28409
0.78409
0.53409
0.03409
0.04972
0.54972
0.79972
0.29972
0.42472
0.92472
0.67472
0.17472
0.23722
0.73722
0.98722
0.48722
0.36222
0.86222
0.61222
0.11222
0.08097
0.58097
0.83097
0.33097
0.45597
0.95597
0.70597
0.20597
0.14347
0.64347
0.89347
0.39347
0.26847
0.76847
0.51847
0.01847
0.02628
0.52628
0.77628
0.27628
0.40128
0.90128
0.65128
0.15128
0.21378
0.71378
0.96378
0.46378
0.33878
0.83878
0.58878
0.08878
0.12003
0.62003
0.87003
0.37003
0.49503
0.99503
0.74503
0.24503
0.18253
0.68253
0.93253
0.43253
0.30753
0.80753
0.55753
0.05753
0.04191
0.54191
0.79191
0.29191
0.41691
0.91691
0.66691
0.16691
0.22941
0.72941
0.97941
0.47941
0.35441
0.85441
0.60441
0.10441
0.07316
0.57316
0.82316
0.32316
0.44816
0.94816
0.69816
0.19816
0.13566
0.63566
0.88566
0.38566
0.26066
0.76066
0.51066
0.01066
0.01456
0.51456
0.76456
0.26456
0.38956
0.88956
0.63956
0.13956
0.20206
0.70206
0.95206
0.45206
0.32706
0.82706
0.57706
0.07706
0.10831
0.60831
0.85831
0.35831
0.48331
0.98331
0.73331
0.23331
0.17081
0.67081
0.92081
0.42081
0.29581
0.79581
0.54581
0.04581
0.06144
0.56144
0.81144
0.31144
0.43644
0.93644
0.68644
0.18644
0.24894
0.74894
0.99894
0.49894
0.37394
0.87394
0.62394
0.12394
0.09269
0.59269
0.84269
0.34269
0.46769
0.96769
0.71769
0.21769
0.15519
0.65519
0.90519
0.40519
0.28019
0.78019
0.53019
0.03019
0.02238
0.52238
0.77238
0.27238
0.39738
0.89738
0.64738
0.14738
0.20988
0.70988
0.95988
0.45988
0.33488
0.83488
0.58488
0.08488
0.11613
0.61613
0.86613
0.36613
0.49113
0.99113
0.74113
0.24113
0.17863
0.67863
0.92863
0.42863
0.30363
0.80363
0.55363
0.05363
0.03800
0.53800
0.78800
0.28800
0.41300
0.91300
0.66300
0.16300
0.22550
0.72550
0.97550
0.47550
0.35050
0.85050
0.60050
0.10050
0.06925
0.56925
0.81925
0.31925
0.44425
0.94425
0.69425
0.19425
0.13175
0.63175
0.88175
0.38175
0.25675
0.75675
0.50675
0.00675
0.00480
0.50480
0.75480
0.25480
0.37980
0.87980
0.62980
0.12980
0.19230
0.69230
0.94230
0.44230
0.31730
0.81730
0.56730
0.06730
0.09855
0.59855
0.84855
0.34855
0.47355
0.97355
0.72355
0.22355
0.16105
0.66105
0.91105
0.41105
0.28605
0.78605
0.53605
0.03605
0.05167
0.55167
0.80167
0.30167
0.42667
0.92667
0.67667
0.17667
0.23917
0.73917
0.98917
0.48917
0.36417
0.86417
0.61417
