0.017889
0.000167
0.003283
0.003871
0.009150
0.015811
0.012594
0.005376
0.006049
0.002116
0.008210
0.008357
0.011207
0.002241
0.013364
0.007770
0.025243
0.000475
0.006770
0.002383
0.004073
0.001402
0.001799
0.023628
0.027328
0.014454
0.001643
0.010577
0.004762
0.017956
0.016022
0.008046
0.005303
0.020286
0.015244
0.000046
0.014263
0.000638
0.002387
0.011313
0.000101
0.014602
0.000800
0.002338
0.007825
0.003706
0.005422
0.020273
0.013037
0.013611
0.002061
0.035495
0.004127
0.002995
0.017214
0.010519
0.014413
0.052921
0.017534
0.000249
0.001930
0.041515
0.008550
0.004412
0.004927
0.004071
0.016648
0.030706
0.024703
0.035187
0.027352
0.013800
0.002910
0.007430
0.021411
0.027022
0.033683
0.012452
0.006226
0.014149
0.009562
0.001453
0.023419
0.001195
0.033096
0.017568
0.002266
0.002823
0.015946
0.008790
0.009789
0.015611
0.006219
0.033812
0.006698
0.000359
0.009444
0.032631
0.019333
0.006051
0.003089
0.024618
0.002664
0.006545
0.015818
0.012733
0.005826
0.008295
0.010177
0.047155
0.023647
0.004496
0.002330
0.004476
0.004033
0.036401
0.002663
0.012786
0.001540
0.033475
0.024364
0.027297
0.006824
0.009641
0.006606
0.019985
0.022390
0.021347
0.006663
0.001464
0.036163
0.013965
0.009584
0.002143
0.001686
0.005177
0.028663
0.005242
0.041511
0.015066
0.009369
0.024657
0.006784
0.018102
0.021458
0.008047
0.022869
0.015186
0.013631
0.013278
0.037561
0.021020
0.004995
0.013167
0.035747
0.019816
0.004214
0.010291
0.019550
0.014843
0.000690
0.000872
0.031667
0.031150
0.003075
0.000681
0.005491
0.013338
0.016671
0.009046
0.007744
0.001821
0.013381
0.016038
0.006864
0.000381
0.005919
0.061630
0.028835
0.007186
0.010409
0.007599
0.013018
0.019078
0.025728
0.002636
0.004278
0.000994
0.010218
0.001325
0.010762
0.010220
0.002120
0.030010
0.000668
0.001710
0.004441
0.012893
0.002329
0.003242
0.022952
0.054708
0.005569
0.003934
0.006071
0.026315
0.020539
0.034384
0.005523
0.015817
0.001217
0.001259
0.016846
0.010792
0.020644
0.012949
0.011342
0.018511
0.003893
0.013217
0.008845
0.002319
0.007510
0.002567
0.000629
0.012219
0.004471
0.002638
0.007149
0.028879
0.008289
0.020216
0.007397
0.007838
0.018651
0.007661
0.018567
0.018543
0.001919
0.002744
0.029018
0.003239
0.015307
0.008722
0.013439
0.007064
0.013542
0.001096
0.009969
0.009765
0.004581
0.040745
0.004770
0.006290
0.004418
0.003230
0.014523
0.000946
0.003655
0.025060
0.030083
0.013913
0.022887
0.067434
0.032162
0.009470
0.007513
0.033187
0.008973
0.015301
0.012292
0.006425
0.018809
0.000647
0.004485
0.005479
0.006715
0.004459
0.000767
0.013364
0.006481
0.009107
0.007773
0.001622
0.010342
0.004134
0.012234
0.002965
0.013090
0.064089
0.001634
0.019431
0.012403
0.014135
0.006386
0.004553
0.003286
0.012760
0.017720
0.019444
0.030680
0.006062
0.001026
0.000180
0.005913
0.001778
0.006455
0.003215
0.016392
0.005240
0.008166
0.019873
0.007688
0.011203
0.006744
0.002403
0.004399
0.002881
0.010404
0.009633
0.001874
0.097314
0.053208
0.050599
0.001682
0.009039
0.038953
0.001332
0.000067
0.001631
0.014482
0.000194
0.031216
0.005730
0.036747
0.005840
0.015710
0.033849
0.002195
0.010441
0.037006
0.009675
0.000310
0.020732
0.012658
0.009549
0.008037
0.000487
0.040511
0.006833
0.026371
0.008234
0.053861
0.010747
0.010890
0.005112
0.010178
0.003993
0.031838
0.012361
0.008004
0.002559
0.024137
0.007785
0.001131
0.005323
0.004499
0.014744
0.007139
0.005925
0.005365
0.014907
0.000489
0.040594
0.006845
0.026499
0.008284
0.055066
0.010423
0.008756
0.033491
0.000711
0.037273
0.002760
0.012953
0.001150
0.015928
0.009474
0.015253
0.007404
0.005158
0.000078
0.064342
0.029992
0.008857
0.024846
0.011737
0.027239
0.022945
0.000789
0.020276
0.003847
0.005709
0.021155
0.011319
0.003280
0.000299
0.000837
0.002415
0.007967
0.003541
0.003401
0.002934
0.001476
0.019242
0.018224
0.023067
0.018384
0.025790
0.004558
0.046944
0.001456
0.025503
0.003280
0.010109
0.003606
0.008974
0.021306
0.004433
0.006991
0.026827
0.007311
0.015442
0.003939
0.003404
0.075414
0.022903
0.000790
0.020626
0.004398
0.008865
0.005941
0.014969
0.019145
0.006815
0.007871
0.000266
0.031765
0.005154
0.016656
0.005900
0.012488
0.006480
0.016905
0.020588
0.002357
0.018073
0.000514
0.005616
0.020659
0.011263
0.004225
0.005901
0.014106
0.013934
0.009066
0.011889
0.002631
0.011959
0.053958
0.048973
0.006039
0.029324
0.047304
0.002750
0.010192
0.021131
0.026076
0.030786
0.011655
0.006492
0.045140
0.002667
0.006298
0.012976
0.004693
0.000844
0.010680
0.024497
0.052050
0.002401
0.002611
0.010212
0.013215
0.027765
0.008078
0.003408
0.015452
0.018203
0.003040
0.006244
0.006728
0.039867
0.000087
0.006646
0.006634
0.017819
0.023821
0.003953
0.041934
0.005395
0.006755
0.005385
0.005250
0.029756
0.005547
0.050807
0.018181
0.002538
0.000758
0.015005
0.013635
0.014804
0.002600
0.026520
0.011177
0.012259
0.007031
0.039226
0.025299
0.011374
0.018586
0.003875
0.012567
0.006498
0.016166
0.015269
0.015070
0.024233
0.022306
0.004243
0.003396
0.022676
0.026589
0.017419
0.010945
0.016568
0.002109
0.004869
0.009668
0.004967
0.001598
0.018330
0.014252
0.004244
0.030196
0.025810
0.000546
0.006342
0.000038
0.007176
0.011251
0.012420
0.007187
0.038991
0.006778
0.002704
0.044634
0.001050
0.016687
0.014867
0.009761
0.059941
0.032676
0.008867
0.006340
0.021058
0.004577
0.008903
0.004407
0.002750
0.008938
0.004240
0.001715
0.002487
0.033043
0.037311
0.005133
0.008071
0.021645
0.013365
0.007738
0.004269
0.034389
0.000167
0.013271
0.020474
0.036607
0.006997
0.000684
0.007735
0.004271
0.010957
0.028529
0.020986
0.015960
0.001632
0.003510
0.005720
0.123687
0.054125
0.002326
0.018084
0.000773
0.008128
0.004976
0.013776
0.000657
0.004403
0.004831
0.003617
0.012171
0.007998
0.003346
0.002116
0.021482
0.009235
0.017217
0.019255
0.003592
0.022553
0.002066
0.006291
0.000022
0.007503
0.014718
0.001178
0.004679
0.000825
0.010643
0.024943
0.000325
0.005925
0.000432
0.020521
0.009511
0.035010
0.022972
0.011199
0.051098
0.010650
0.011191
0.006144
0.000076
0.009758
0.002737
0.004508
0.000600
0.010160
0.031018
0.008436
0.014942
0.011767
0.004947
0.000716
0.006229
0.024038
0.011174
0.024686
0.023608
0.005219
0.006581
0.006059
0.012130
0.003919
0.000321
0.016357
0.002042
0.005122
0.013505
0.034684
0.014281
0.013022
0.017536
0.015062
0.006696
0.002570
0.006025
0.012159
0.004273
0.001883
0.003320
0.001895
0.017061
0.002817
0.008899
0.003427
0.024141
0.044716
0.032075
0.012905
0.002922
0.011097
0.013286
0.012480
0.028590
0.015336
0.002101
0.010469
0.000134
0.039903
0.013400
0.004743
0.046377
0.000142
0.004243
0.012285
0.002235
0.005400
0.012468
0.012424
0.001296
0.031919
0.013003
0.010842
0.013492
0.016911
0.008850
0.005790
0.013414
0.011822
0.017183
0.047700
0.021602
0.000827
0.001114
0.034243
0.026300
0.013208
0.004600
0.046542
0.001099
0.016025
0.010765
0.040718
0.010635
0.019152
0.009905
0.003236
0.007326
0.011707
0.013365
0.007893
0.028601
0.002446
0.048721
0.004080
0.023996
0.011898
0.000046
0.008574
0.036276
0.002839
0.015609
0.007483
0.004181
0.013191
0.005439
0.003592
0.004885
0.014752
0.003521
0.003396
0.003074
0.002284
0.000506
0.016611
0.000697
0.015400
0.017930
0.002725
0.004810
0.002087
0.000613
0.029217
0.056900
0.020497
0.033381
0.005022
0.011715
0.013923
0.010144
0.004273
0.016585
0.020268
0.002824
0.060152
0.001759
0.024652
0.015979
0.002088
0.000916
0.000509
0.011558
0.003774
0.001796
0.007642
0.009701
0.001630
0.026041
0.002069
0.000457
0.023103
0.016458
0.020718
0.002286
0.004954
0.009872
0.005030
0.000948
0.007632
0.001099
0.006225
0.011342
0.000615
0.031629
0.001178
0.003701
0.016288
0.000816
0.021763
0.005954
0.023845
0.015014
0.009457
0.027834
0.010732
0.006989
0.006051
0.007423
0.003315
0.005731
0.001454
0.005368
0.001407
0.008578
0.003484
0.013400
0.017643
0.012035
0.029169
0.024121
0.000017
0.004731
0.026317
0.007095
0.014833
0.003946
0.005805
0.019648
0.006610
0.005063
0.004496
0.021107
0.002362
0.014888
0.012330
0.008605
0.005231
0.010640
0.005600
0.000110
0.020287
0.016699
0.002763
0.010149
0.010017
0.004523
0.024598
0.007005
0.022295
0.001749
0.004382
0.011430
0.033964
0.002953
0.024313
0.003570
0.018790
0.007011
0.010775
0.011528
0.006702
0.000890
0.014127
0.007333
0.010541
0.006893
0.006722
0.014265
0.005194
0.030801
0.007016
0.005249
0.002662
0.000834
0.013528
0.006096
0.005684
0.015848
0.000292
0.013915
0.021510
0.026828
0.029923
0.008781
0.023656
0.010098
0.014293
0.001319
0.007920
0.030765
0.003835
0.005450
0.016948
0.003987
0.039671
0.004301
0.001645
0.001595
0.000769
0.010344
0.047490
0.014065
0.003663
0.007366
0.006089
0.004569
0.005707
0.007326
0.005623
0.002509
0.022219
0.005365
0.011937
0.009995
0.018179
0.012917
0.005876
0.003615
0.004978
0.031686
0.010486
0.001603
0.011826
0.011065
0.000232
0.021726
0.018887
0.003738
0.009626
0.028313
0.009808
0.002739
0.004229
0.037775
0.001664
0.002573
0.065099
0.004335
0.020603
0.002917
0.049139
0.000112
0.003268
0.004463
0.016405
0.014346
0.009130
0.042338
0.001776
0.001301
0.006411
0.009119
0.008564
0.004728
0.006937
0.015970
0.008525
0.008050
0.006370
0.001629
0.001886
0.016852
0.002504
0.006950
0.032453
0.015657
0.039154
0.004642
0.003661
0.016423
0.001352
0.000437
0.004163
0.006182
0.004479
0.003419
0.004632
0.015229
0.007219
0.004349
0.021068
0.003482
0.001698
0.010671
0.004487
0.012838
0.001848
0.000604
0.000592
0.023966
0.015124
0.009538
0.027183
0.009030
0.001448
0.000338
0.002406
0.020818
0.004270
0.007203
0.000303
0.002816
0.065059
0.002056
0.040023
0.006200
0.015576
0.017577
0.001573
0.030850
0.006963
0.004921
0.001437
0.016029
0.005548
0.013025
0.013394
0.001597
0.020236
0.016459
0.002403
0.007741
0.002723
0.000245
0.005484
0.039024
0.009690
0.012528
0.035865
0.041201
0.040065
0.000834
0.019521
0.002188
0.023853
0.013651
0.004859
0.037944
0.020964
0.004657
0.009933
0.008425
0.000099
0.012569
0.016552
0.014903
0.010636
0.002325
0.024725
0.012857
0.001317
0.021278
0.000080
0.014192
0.000187
0.049303
0.017352
0.014129
0.004608
0.017640
0.017948
0.016895
0.022727
0.010258
0.013594
0.034950
0.013751
0.010048
0.004638
0.027405
0.009714
0.003537
0.011971
0.008159
0.005014
0.013793
0.000453
0.002771
0.025809
0.007455
0.022661
0.047780
0.005145
0.003128
0.004309
0.017687
0.031244
0.014791
0.028965
0.002257
0.026310
0.019041
0.014499
0.033318
0.000918
0.002316
0.005925
0.016974
0.000762
0.013852
0.008332
0.027666
0.018071
0.018648
0.041464
0.020573
0.002318
0.017380
0.050969
0.001871
0.053862
0.013794
0.001753
0.018395
0.007356
0.016600
0.006523
0.021764
0.004258
0.004639
0.003801
0.019074
0.005113
0.044358
0.020484
0.001227
0.004619
0.000157
0.004356
0.013238
0.003949
0.017146
0.000513
0.009287
0.019161
0.053095
0.024352
0.003993
0.032155
0.001051
0.002347
0.004477
0.003861
0.026999
0.031059
0.026867
0.047622
0.000323
0.005429
0.026978
0.001828
0.024226
0.030350
0.018184
0.006241
0.007693
0.003107
0.002542
0.001648
0.001111
0.006355
0.012301
0.002335
0.006104
0.019182
0.003263
0.004790
0.023088
0.002618
0.010069
0.012032
0.016387
0.021413
0.005274
0.014565
0.008129
0.060401
0.007816
0.001558
0.012594
0.017567
0.021050
0.001230
0.003315
0.010103
0.003257
0.006117
0.003727
0.000826
0.000818
0.020401
0.003710
0.004471
0.008488
0.003612
0.000899
0.002146
0.004864
0.009023
0.002537
0.008051
0.002726
0.029036
0.013071
0.018550
0.020285
0.024259
0.030752
0.018918
0.007424
0.013801
0.049012
0.025014
0.005722
0.003705
0.003062
0.009148
0.002155
0.004097
0.003624
0.065431
0.015182
0.003881
0.003986
0.003367
0.040029
0.012450
0.002030
0.003164
0.061327
0.004369
0.016080
0.024287
0.012318
0.000638
0.013422
0.008707
0.001118
0.077904
0.003080
0.004968
0.000029
0.000805
0.005449
0.010222
0.002348
0.000003
0.007709
0.017825
0.006720
0.013390
0.002818
0.004360
0.037485
0.023853
0.017522
0.000842
0.011659
0.000677
0.024352
0.013878
0.000362
0.020165
0.000658
0.001333
0.001962
0.000813
0.007653
0.001312
0.008104
0.042110
0.008662
0.004624
0.005506
0.005474
0.031794
0.005136
0.016322
0.005225
0.008378
0.024205
0.008672
0.016492
0.017038
0.025552
0.009332
0.004846
0.002700
0.003987
0.027654
0.021019
0.004396
0.020885
0.002832
0.029975
0.012438
0.007707
0.032603
0.002173
0.012112
0.004226
0.001833
0.003374
0.002661
0.000271
0.006451
0.003199
0.016198
0.004931
0.006781
0.010799
0.015173
0.000141
0.016862
0.005237
0.006163
0.003681
0.000347
0.025356
0.041699
0.005490
0.001921
0.001619
0.007395
0.011031
0.008625
0.015656
0.020089
0.005761
0.000250
0.019837
0.011284
0.006555
0.001285
0.030597
0.011501
0.006129
0.030323
0.049928
0.014445
0.004046
0.008492
0.007928
0.005982
0.000708
0.029722
0.036962
0.009251
0.011623
0.032538
0.001417
0.004629
0.027852
0.010501
0.005965
0.002211
0.010179
0.026871
0.004235
0.018530
0.000656
0.005393
0.012870
0.015180
0.009228
0.003938
0.016092
0.030364
0.038861
0.009309
0.010055
0.011138
0.010396
0.001044
0.006362
0.013931
0.007281
0.011507
0.006744
0.006510
0.015203
0.010504
0.001009
0.005376
0.006368
0.003638
0.029103
0.002368
0.030492
0.032101
0.004910
0.012745
0.030368
0.015826
0.001333
0.001951
0.039172
0.007205
0.000259
0.002487
0.028497
0.017960
0.008532
0.001418
0.002655
0.002524
0.005874
0.011581
0.003589
0.000789
0.001609
0.002390
0.039369
0.002427
0.007352
0.001038
0.008088
0.001901
0.010226
0.001077
0.007863
0.000752
0.002002
0.005627
0.023170
0.019961
0.002709
0.060295
0.002758
0.003772
0.018966
0.005190
0.000156
0.000211
0.055628
0.018903
0.019072
0.003096
0.000402
0.001016
0.002534
0.006343
0.016677
0.022746
0.006344
0.023446
0.008627
0.005778
0.016571
0.000976
0.023004
0.005805
0.001481
0.011581
0.015175
0.019010
0.005617
0.001863
0.010646
0.002692
0.000031
0.003961
0.011673
0.002751
0.016021
0.010173
0.022848
0.000300
0.011122
0.004855
0.012355
0.025545
0.010614
0.011434
0.007389
0.003334
0.014381
0.010008
0.002092
0.042227
0.006561
0.017698
0.025333
0.006258
0.009962
0.017369
0.010296
0.011771
0.011749
0.002267
0.008941
0.010638
0.022878
0.026564
0.016225
0.007166
0.000982
0.009340
0.008128
0.001765
0.008353
0.016789
0.000604
0.012511
0.005774
0.009377
0.022654
0.003952
0.001260
0.001824
0.037840
0.008346
0.005555
0.018298
0.001137
0.005959
0.022112
0.010378
0.031402
0.007182
0.005426
0.002472
0.029712
0.022010
0.020376
0.005808
0.062226
0.011891
0.017061
0.003345
0.040413
0.003943
0.047711
0.007102
0.020028
0.016650
0.043226
0.031610
0.016685
0.007177
0.009772
0.004874
0.000718
0.007003
0.000920
0.010414
0.017495
0.007070
0.020891
0.051860
0.034301
0.016202
0.050197
0.005462
0.004218
0.009497
0.011952
0.029290
0.026825
0.002216
0.000348
0.015150
0.042752
0.008225
0.002588
0.019108
0.000198
0.000587
0.001794
0.006165
0.001777
0.004305
0.010127
0.015430
0.003714
0.002201
0.013311
0.008134
0.045030
0.009482
0.007143
0.021912
0.000549
0.021227
0.009055
0.016811
0.019997
0.001793
0.012062
0.008961
0.008646
0.006180
0.023465
0.010583
0.020368
0.014381
0.025073
0.009129
0.007644
0.005876
0.001783
0.006858
0.005133
0.003112
0.004309
0.018140
0.043916
0.033204
0.023464
0.015633
0.013460
0.009512
0.003812
0.019044
0.004947
0.031988
0.011268
0.003771
0.003051
0.038900
0.019151
0.001374
0.010531
0.008155
0.017380
0.002687
0.006411
0.013734
0.006163
0.005102
0.008856
0.003090
0.011693
0.006002
0.021393
0.008288
0.009536
0.022889
0.018898
0.024058
0.000082
0.005433
0.000723
0.002251
0.008249
0.006714
0.001964
0.001080
0.008281
0.015772
0.035443
0.002729
0.015263
0.007825
0.007378
0.008354
0.030440
0.001148
0.004725
0.001299
0.017808
0.013793
0.002403
0.000447
0.012657
0.008760
0.004323
0.003106
0.014593
0.002073
0.015799
0.033135
0.001587
0.005400
0.000400
0.000409
0.030048
0.002295
0.021428
0.006586
0.001019
0.019127
0.071493
0.033026
0.011524
0.003669
0.001403
0.005335
0.001727
0.013043
0.016146
0.009212
0.011513
0.031317
0.001223
0.004349
0.032280
0.029041
0.019109
0.007182
0.019460
0.020216
0.015330
0.000328
0.019837
0.009696
0.001311
0.011917
0.049427
0.005462
0.004398
0.011255
0.027831
0.000128
0.000409
0.001340
0.004823
0.000071
0.002075
0.025190
0.021695
0.001913
0.007208
0.005423
0.002294
0.022780
0.009205
0.010895
0.020105
0.010358
0.002510
0.000273
0.008466
0.017718
0.001569
0.027444
0.003943
0.012262
0.004734
0.003870
0.017849
0.002250
0.001985
0.006347
0.000874
0.021552
0.004861
0.009653
0.004977
0.001716
0.021008
0.016274
0.000566
0.015642
0.026984
0.026739
0.005057
0.000723
0.005245
0.009987
0.003057
0.005385
0.001993
0.016570
0.001036
0.025296
0.008451
0.001855
0.006487
0.002605
0.008295
0.003056
0.002632
0.013687
0.010459
0.006641
0.005799
0.009118
0.018160
0.034385
0.015998
0.029608
0.035392
0.008389
0.007788
0.006018
0.001594
0.004094
0.011393
0.000972
0.000861
0.016166
0.011379
0.091385
0.083297
0.002964
0.007677
0.024027
0.011638
0.003910
0.014390
0.014437
0.039003
0.010574
0.021598
0.019901
0.005935
0.001309
0.002706
0.003992
0.027400
0.025424
0.003111
0.008644
0.000157
0.010902
0.005968
0.000513
0.021753
0.010995
0.001174
0.003971
0.021894
0.008902
0.012031
0.001649
0.002468
0.041052
0.002216
0.004674
0.006591
0.013158
0.003066
0.007393
0.004640
0.004596
0.005521
0.005842
0.000335
0.020043
0.010109
0.001860
0.022772
0.019240
0.002304
0.035352
0.001747
0.004727
0.015696
0.011115
0.004540
0.015760
0.010216
0.028925
0.006003
0.002448
0.012605
0.002950
0.009825
0.005864
0.005334
0.015663
0.002178
0.009440
0.016916
0.014198
0.006356
0.004139
0.001371
0.001130
0.010952
0.016101
0.012219
0.000473
0.006186
0.000102
0.009589
0.001894
0.000286
0.025525
0.000226
0.004024
0.002211
0.007838
0.005982
0.001174
0.001526
0.026758
0.003773
0.012139
0.006041
0.015367
0.019861
0.006542
0.004145
0.000330
0.011974
0.007774
0.003296
0.003152
0.003616
0.008692
0.017118
0.041715
0.000975
0.018363
0.036037
0.016627
0.031127
0.026773
0.000529
0.004560
0.007722
0.000180
0.034764
0.008659
0.010162
0.022960
0.000457
0.013101
0.010641
0.011278
0.006549
0.001283
0.030837
0.011869
0.007291
0.001799
0.021930
0.017595
0.001162
0.016614
0.011854
0.000746
0.022456
0.008258
0.006256
0.000141
0.009271
0.000522
0.009500
0.021853
0.002247
0.010085
0.023050
0.000872
0.021988
0.005588
0.015591
0.000408
0.018825
0.005979
0.004057
0.003456
0.038733
0.010128
0.016719
0.006977
0.033063
0.016099
0.051678
0.006106
0.007766
0.004432
0.012310
0.000937
0.019811
0.001599
0.010414
0.004658
0.018854
0.025737
0.003204
0.008787
0.064658
0.012335
0.010954
0.015179
0.042066
0.007815
0.001318
0.006743
0.011471
0.023805
0.015120
0.009989
0.053781
0.042410
0.020312
0.021663
0.013429
0.009747
0.004870
0.000808
0.007978
0.003884
0.005507
0.016576
0.002785
0.011090
0.016427
0.001237
0.051345
0.000685
0.007892
0.004980
0.017759
0.011249
0.016566
0.000840
0.019022
0.001386
0.011285
0.012193
0.006112
0.015628
0.020168
0.006031
0.001171
0.001202
0.017092
0.012989
0.002335
0.002886
0.015191
0.005675
0.024497
0.025545
0.008433
0.001458
0.003506
0.008093
0.013424
0.013500
0.000479
0.004140
0.005445
0.010881
0.004628
0.012268
0.042428
0.002354
0.005046
0.007421
0.014930
0.002080
0.012965
0.008513
0.002085
0.008087
0.008071
0.010459
0.001599
0.012042
0.012421
0.002998
0.011817
0.017296
0.061780
0.002996
0.005250
0.001878
0.017371
0.003584
0.016741
0.002549
0.007826
0.001762
0.011480
0.006853
0.001666
0.037491
0.024534
0.031056
0.004414
0.009576
0.009537
0.006091
0.008937
0.011254
0.041632
0.007323
0.050341
0.029129
0.010750
0.005126
0.021911
0.033783
0.002139
0.009897
0.025145
0.004013
0.023848
0.012708
0.002251
0.003512
0.054121
0.024270
0.032841
0.000642
0.010149
0.027052
0.004585
0.026083
0.008464
0.000886
0.051221
0.012222
0.024165
0.010642
0.016898
0.004260
0.000797
0.018430
0.000918
0.008294
0.003982
0.003966
0.002423
0.011782
0.000991
0.041503
0.001280
0.030013
0.010848
0.004396
0.010197
0.014151
0.000596
0.002488
0.013643
0.005600
0.002608
0.026477
0.010957
0.010993
0.003695
0.003945
0.004830
0.008346
0.000483
0.023198
0.000607
0.016417
0.028816
0.021562
0.022036
0.010677
0.057741
0.018458
0.015838
0.005688
0.016299
0.001057
0.033134
0.023462
0.007304
0.014239
0.012290
0.012636
0.002536
0.005916
0.011749
0.003811
0.001213
0.002634
0.004593
0.001814
0.000549
0.000534
0.024988
0.020796
0.001077
0.002791
0.007655
0.036654
0.010231
0.022362
0.042664
0.004577
0.001829
0.000736
0.001571
0.002692
0.001313
0.024104
0.003276
0.014712
0.011358
0.003248
0.014665
0.001100
0.004278
0.049328
0.004032
0.022026
0.008376
0.008057
0.007605
0.007675
0.013151
0.018676
0.019877
0.019911
0.011933
0.009185
0.011047
0.022683
0.016922
0.031042
0.021684
0.014740
0.016981
0.003192
0.013689
0.041871
0.020115
0.001535
0.008514
0.032115
0.001246
0.003742
0.014976
0.024660
0.026672
0.009740
0.004426
0.000075
0.003113
0.003921
0.012466
0.005652
0.008723
0.001382
0.031711
0.024794
0.027203
0.010190
0.005695
0.002459
0.018807
0.000775
0.005575
0.012020
0.003224
0.003558
0.004031
0.006901
0.000836
0.010551
0.022735
0.028327
0.022733
0.040225
0.003105
0.014244
0.001326
0.008257
0.066241
0.049188
0.017692
0.049911
0.011937
0.009505
0.012960
0.001038
0.013841
0.004455
0.018530
0.035013
0.014216
0.012178
0.012143
0.001683
0.002221
0.023148
0.011239
0.044276
0.008381
0.002663
0.017547
0.020057
0.000065
0.022902
0.061838
0.006344
0.007521
0.001747
0.015625
0.001418
0.003134
0.005688
0.002754
0.028324
0.011398
0.009247
0.017474
0.020911
0.001286
0.004034
0.018655
0.002309
0.000453
0.014856
0.023841
0.023827
0.007346
0.000053
0.000327
0.001555
0.007919
0.017991
0.005464
0.003740
0.005664
0.024471
0.025871
0.009002
0.003042
0.014086
0.001482
0.011062
0.009107
0.021366
0.003718
0.002368
0.015913
0.006221
0.001635
0.022268
0.027162
0.022331
0.000244
0.012218
0.010510
0.020012
0.013942
0.023595
0.000530
0.011834
0.004429
0.004144
0.000098
0.008852
0.045852
0.045852
0.004103
0.029882
0.033685
0.015011
0.001616
0.039587
0.013320
0.004677
0.045367
0.000399
0.006972
0.004142
0.023270
0.009413
0.010642
0.007470
0.029584
0.005202
0.027221
0.003701
0.010184
0.000474
0.002913
0.030467
0.011609
0.006725
0.000669
0.010487
0.034819
0.009155
0.013882
0.005399
0.000889
0.003689
0.030859
0.030859
0.002660
0.030433
0.017281
0.004157
0.039083
0.002643
0.009660
0.009029
0.003460
0.021541
0.017473
0.001648
0.041974
0.014230
0.006204
0.003276
0.024758
0.001493
0.021790
0.000979
0.000340
0.008240
0.013302
0.011001
0.011982
0.007073
0.000557
0.005826
0.023161
0.015316
0.013086
0.009622
0.005989
0.007518
0.004207
0.013019
0.004645
0.000490
0.007187
0.004068
0.016426
0.027318
0.017032
0.008073
0.002161
0.013878
0.008446
0.009464
0.022720
0.003538
0.035378
0.006965
0.001234
0.015882
0.007940
0.005332
0.023857
0.052667
0.003527
0.011717
0.007188
0.002013
0.039264
0.006421
0.020074
0.002489
0.027525
0.004012
0.003873
0.002662
0.017473
0.005167
0.043901
0.015129
0.008173
0.010337
0.000720
0.003974
0.001743
0.005007
0.020687
0.026838
0.000238
0.002249
0.021306
0.006960
0.002767
0.005361
0.004557
0.014815
0.009999
0.003565
0.017001
0.003220
0.013939
0.056615
0.027151
0.006669
0.008820
0.007534
0.005212
0.002797
0.001806
0.000029
0.020320
0.020038
0.010357
0.002659
0.001038
0.017511
0.020405
0.000571
0.000342
0.017840
0.004773
0.000829
0.009396
0.011235
0.020246
0.008068
0.012606
0.009467
0.007924
0.000471
0.071477
0.013026
0.030557
0.013264
0.015235
0.005217
0.015364
0.013904
0.014069
0.008402
0.024273
0.016594
0.015056
0.011058
0.003132
0.000581
0.004068
0.003730
0.000617
0.042578
0.005731
0.008791
0.015930
0.018763
0.002464
0.001037
0.025267
0.008379
0.001641
0.005236
0.036455
0.011301
0.000743
0.058147
0.006879
0.012272
0.035781
0.000371
0.014616
0.025853
0.000468
0.005543
0.021328
0.014518
0.017616
0.005412
0.004591
0.014305
0.004877
0.020370
0.031050
0.003825
0.005048
0.012132
0.016679
0.022135
0.005361
0.012236
0.011672
0.000292
0.014097
0.023666
0.000130
0.006756
0.006632
0.015588
0.010558
0.000100
0.030796
0.006764
0.003993
0.026452
0.021175
0.050051
0.009833
0.007067
0.014622
0.003607
0.004425
0.009512
0.009003
0.004196
0.001187
0.047099
0.000594
0.008325
0.008664
0.012215
0.003463
0.022846
0.024328
0.011154
0.021930
0.013098
0.007542
0.025934
0.002316
0.001957
0.005339
0.018995
0.010232
0.004870
0.029522
0.009448
0.000388
0.006593
0.002549
0.006761
0.023424
0.004805
0.004395
0.029640
0.018460
0.007937
0.026064
0.000301
0.003784
0.005449
0.018324
0.007137
0.014551
0.002974
0.001045
0.010717
0.016484
0.003004
0.014595
0.002960
0.000843
0.008499
0.005841
0.020096
0.007214
0.007114
0.013400
0.000511
0.004845
0.010473
0.008977
0.042992
0.002730
0.007841
0.000379
0.053118
0.012968
0.000028
0.002832
0.002729
0.005435
0.005390
0.032873
0.006707
0.001888
0.001374
0.005635
0.003433
0.002406
0.027475
0.017734
0.009899
0.007710
0.022823
0.027648
0.019674
0.016936
0.004771
0.003194
0.008600
0.038804
0.003663
0.032852
0.000149
0.005070
0.008061
0.023788
0.021981
0.004607
0.006390
0.012334
0.002196
0.004851
0.008174
0.052581
0.011167
0.014179
0.017516
0.006748
0.015885
0.010317
0.028426
0.004919
0.026292
0.005192
0.001853
0.018234
0.005677
0.004159
0.006658
0.033330
0.025157
0.021690
0.001953
0.007590
0.007005
0.008124
0.000080
0.016698
0.005680
0.010187
0.000742
0.005004
0.007715
0.019764
0.012110
0.010681
0.024829
0.000079
0.003982
0.010841
0.000305
0.032416
0.005093
0.014281
0.000959
0.004715
0.003120
0.008597
0.068813
0.008664
0.000464
0.015866
0.053089
0.037952
0.019451
0.017022
0.005606
0.008039
0.011247
0.004298
0.006505
0.021142
0.003480
0.001547
0.008956
0.000271
0.009295
0.038731
0.023544
0.007547
0.013077
0.020964
0.000510
0.031925
0.002380
0.016837
0.026475
0.012051
0.019769
0.002761
0.000510
0.007618
0.005940
0.002212
0.010530
0.039042
0.009944
0.000883
0.028914
0.019656
0.012959
0.016842
0.012496
0.001759
0.001315
0.006754
0.011644
0.026411
0.021458
0.000126
0.014137
0.045243
0.017019
0.015200
0.009382
0.006933
0.003761
0.000541
0.030931
0.001507
0.007230
0.011875
0.016213
0.022955
0.008756
0.007622
0.002885
0.001713
0.030579
0.004964
0.017138
0.009359
0.007398
0.034553
0.011504
0.002433
0.013008
0.004257
0.030243
0.025341
0.000133
0.003576
0.006331
0.001962
0.004372
0.007780
0.001648
0.010587
0.001672
0.017488
0.014131
0.004181
0.011820
0.001467
0.002186
0.042356
0.005447
0.006877
0.005577
0.005408
0.025306
0.021781
0.007936
0.006338
0.002127
0.005563
0.017189
0.003602
0.018773
0.006610
0.007901
0.001527
0.008014
0.020427
0.010538
0.002384
0.030858
0.033103
0.027122
0.002708
0.034730
0.013575
0.009541
0.003450
0.012854
0.014390
0.004837
0.018465
0.016950
0.008876
0.005768
0.003301
0.009319
0.005876
0.009195
0.017293
0.020682
0.001447
0.005902
0.004011
0.003763
0.001168
0.002719
0.002307
0.007735
0.007177
0.007942
0.027287
0.001199
0.010353
0.010147
0.003880
0.011385
0.002560
0.016417
0.015894
0.016733
0.037558
0.000806
0.021471
0.005606
0.019132
0.007452
0.012842
0.020815
0.001132
0.003134
0.010022
0.004693
0.030779
0.013922
0.019948
0.016760
0.003678
0.026921
0.000122
0.001356
0.009420
0.003608
0.016858
0.002572
0.007521
0.000499
0.002266
0.012849
0.005609
0.006157
0.001041
0.048195
0.002091
0.001521
0.004479
0.018693
0.036249
0.014524
0.009893
0.009274
0.010871
0.018435
0.006364
0.007544
0.005457
0.014674
0.059503
0.026101
0.007781
0.002803
0.000442
0.006395
0.001182
0.034630
0.020895
0.007161
0.004602
0.032062
0.009377
0.014300
0.024262
0.008728
0.004591
0.004849
0.002218
0.001066
0.000342
0.006943
0.004708
0.000611
0.007735
0.005178
0.026763
0.003468
0.008955
0.027415
0.016232
0.005705
0.013299
0.012481
0.028218
0.014570
0.000922
0.003304
0.017513
0.007061
0.020522
0.038527
0.007880
0.003081
0.001346
0.012995
0.040219
0.035592
0.000157
0.011360
0.007922
0.007328
0.007173
0.012352
0.022639
0.005768
0.014594
0.020547
0.012794
0.010943
0.016546
0.002077
0.004710
0.008816
0.002954
0.015407
0.005511
0.018002
0.005773
0.005408
0.018836
0.008908
0.000673
0.016249
0.027936
0.020823
0.012269
0.014029
0.011058
0.007529
0.007038
0.008948
0.002674
0.010106
0.011253
0.010578
0.001101
0.005711
0.007293
0.005411
0.001740
0.012014
0.009590
0.013348
0.001547
0.019647
0.015303
0.001391
0.004063
0.015797
0.020561
0.004984
0.000618
0.021649
0.008772
0.012039
0.002344
0.007735
0.003257
0.003166
0.004072
0.002185
0.006849
0.012956
0.000978
0.012907
0.002574
0.004846
0.004299
0.012360
0.008354
0.003981
0.003591
0.000551
0.000148
0.014326
0.054267
0.028239
0.021053
0.022955
0.015644
0.015829
0.026860
0.022680
0.000933
0.028547
0.016894
0.005657
0.009008
0.020467
0.002961
0.000202
0.002752
0.000533
0.007978
0.007593
0.008310
0.021189
0.009381
0.021387
0.002256
0.012002
0.003054
0.017122
0.009287
0.007102
0.026689
0.006176
0.006451
0.030145
0.022408
0.020627
0.005318
0.020583
0.016142
0.001109
0.051173
0.001830
0.042660
0.010750
0.017715
0.005462
0.004560
0.013044
0.001827
0.053159
0.014668
0.003971
0.006741
0.000661
0.010185
0.026525
0.003863
0.013980
0.012999
0.021456
0.017516
0.003374
0.008429
0.021001
0.007878
0.004948
0.010563
0.018699
0.008196
0.029021
0.028886
0.006614
0.009738
0.020999
0.000140
0.017040
0.005677
0.008482
0.013888
0.011172
0.008871
0.005484
0.021022
0.004496
0.008346
0.002846
0.022738
0.002704
0.012320
0.000124
0.006774
0.006831
0.017884
0.018695
0.020603
0.024818
0.029767
0.014297
0.031585
0.006140
0.000612
0.019742
0.005068
0.024126
0.001730
0.001067
0.004958
0.003238
0.006868
0.008226
0.001159
0.002663
0.005467
0.006351
0.002819
0.012297
0.035064
0.019851
0.010205
0.004963
0.036084
0.015743
0.020050
0.005342
0.028366
0.003589
0.006980
0.004841
0.000987
0.010411
0.015401
0.002223
0.011541
0.002036
0.008097
0.008864
0.017653
0.042686
0.066420
0.064683
0.012862
0.007664
0.042358
0.013956
0.005179
0.050297
0.022897
0.002792
0.012849
0.000667
0.009471
0.015918
0.009693
0.017626
0.014232
0.004027
0.009569
0.004507
0.010579
0.023562
0.037443
0.000859
0.023601
0.008516
0.004943
0.008997
0.001877
0.003083
0.000725
0.005794
0.015832
0.044216
0.005611
0.007067
0.005119
0.001734
0.017484
0.005436
0.005161
0.024176
0.001159
0.022307
0.002728
0.014530
0.005557
0.042977
0.010767
0.017513
0.004916
0.002059
0.001066
0.047700
0.001775
0.061322
0.018043
0.013122
0.000315
0.004447
0.010617
0.016828
0.004245
0.000901
0.021850
0.004989
0.009754
0.004254
0.024148
0.009558
0.008941
0.003682
0.033668
0.004422
0.006312
0.005289
0.011962
0.006799
0.045439
0.000854
0.012551
0.002905
0.009755
0.006063
0.007021
0.001594
0.023772
0.010795
0.008713
0.018606
0.001716
0.020177
0.013170
0.015027
0.005098
0.015667
0.003972
0.002841
0.018358
0.007886
0.020484
0.016559
0.002073
0.004631
0.008236
0.001438
0.004624
0.026202
0.008158
0.050456
0.010845
0.012743
0.011928
0.034431
0.001099
0.001014
0.015467
0.010196
0.004278
0.016154
0.016630
0.027093
0.014739
0.002556
0.026241
0.011470
0.015308
0.022291
0.012644
0.005020
0.003724
0.010521
0.001251
0.007475
0.023201
0.000142
0.008035
0.017023
0.010558
0.008073
0.001313
0.004750
0.093545
0.002051
0.030501
0.019903
0.008097
0.021585
0.012830
0.007493
0.033247
0.011232
0.017987
0.026221
0.006346
0.008497
0.005909
0.021500
0.009579
0.021668
0.001631
0.004891
0.023090
0.001877
0.003691
0.004091
0.005849
0.016375
0.000223
0.009552
0.000601
0.008007
0.006714
0.003371
0.014168
0.035408
0.009819
0.019768
0.025408
0.000843
0.010551
0.022418
0.025614
0.016113
0.008824
0.009123
0.010005
0.012874
0.028787
0.011886
0.010881
0.041929
0.010241
0.013851
0.053082
0.039462
0.007345
0.014755
0.002147
0.015537
0.012239
0.014488
0.008251
0.016056
0.058047
0.031507
0.014530
0.003148
0.002035
0.028524
0.000449
0.001745
0.007810
0.005386
0.008874
0.009040
0.009022
0.007504
0.001061
0.006939
0.021676
0.001407
0.003231
0.006564
0.006411
0.016411
0.018626
0.000897
0.007326
0.000484
0.003367
0.000978
0.004938
0.002052
0.017178
0.039009
0.000159
0.008002
0.016060
0.001105
0.076969
0.003202
0.005874
0.003038
0.031597
0.010821
0.004335
0.037654
0.039891
0.002725
0.009854
0.008902
0.002000
0.004502
0.008261
0.002480
0.016247
0.017063
0.031752
0.021795
0.013498
0.009602
0.003996
0.021206
0.007187
0.003996
0.015318
0.018674
0.004383
0.019801
0.001421
0.008440
0.048063
0.020601
0.030445
0.006276
0.002126
0.006087
0.029531
0.041957
0.012721
0.001960
0.001648
0.007140
0.008647
0.001034
0.050647
0.002494
0.003461
0.021654
0.000456
0.002243
0.001699
0.004177
0.010273
0.020486
0.012723
0.008570
0.024103
0.013544
0.004076
0.015693
0.019272
0.004115
0.011740
0.001738
0.004409
0.011949
0.000227
0.010492
0.003534
0.005684
0.046625
0.010479
0.012141
0.012103
0.001723
0.002640
0.051335
0.002597
0.003997
0.038415
0.013635
0.006826
0.008689
0.003653
0.000143
0.019378
0.012231
0.013283
0.004635
0.043286
0.000299
0.006892
0.005011
0.002287
0.000391
0.014247
0.020353
0.015107
0.045975
0.045308
0.007312
0.022459
0.000240
0.011670
0.007930
0.005513
0.030406
0.003820
0.005779
0.023835
0.018755
0.083546
0.051767
0.079104
0.000830
0.004296
0.002280
0.006031
0.019853
0.004995
0.021105
0.032572
0.003111
0.053880
0.034457
0.016829
0.000131
0.006472
0.005030
0.005395
0.001617
0.010648
0.005351
0.033079
0.007260
0.004133
0.016100
0.020849
0.005395
0.020182
0.013171
0.005070
0.005021
0.014863
0.002721
0.030679
0.016098
0.001571
0.002657
0.001121
0.019602
0.047246
0.016783
0.012722
0.002509
0.005265
0.006939
0.007755
0.035069
0.008095
0.006477
0.001830
0.002443
0.022874
0.007244
0.001080
0.009662
0.008297
0.000845
0.000334
0.010544
0.002504
0.040490
0.001757
0.001876
0.013349
0.014376
0.002694
0.000161
0.005040
0.026052
0.003884
0.016004
0.033016
0.000961
0.001116
0.023436
0.004653
0.003515
0.013989
0.022504
0.036844
0.002365
0.008830
0.008368
0.005750
0.021449
0.011544
0.003354
0.053500
0.020057
0.031369
0.004839
0.013401
0.000738
0.006909
0.000402
0.005744
0.032413
0.003361
0.001145
0.006462
0.012569
0.002354
0.004866
0.002523
0.007221
0.001615
0.018824
0.010788
0.007820
0.011059
0.005150
0.016910
0.006590
0.019216
0.000285
0.000907
0.003057
0.013932
0.001033
0.006988
0.024203
0.004112
0.048930
0.005530
0.004909
0.016403
0.007746
0.002698
0.000100
0.004464
0.016393
0.014258
0.008845
0.031515
0.007199
0.007305
0.000993
0.008064
0.002254
0.015524
0.019048
0.004323
0.015688
0.013425
0.009067
0.002325
0.005892
0.016252
0.050594
0.005340
0.003482
0.005005
0.019583
0.018825
0.009925
0.004174
0.018472
0.000987
0.008893
0.005792
0.012893
0.009264
0.005367
0.006048
0.002175
0.008820
0.011442
0.000535
0.024134
0.017455
0.021469
0.002037
0.009114
0.017471
0.024406
0.005834
0.009047
0.016549
0.018242
0.000007
0.001242
0.010336
0.009298
0.001107
0.019282
0.038591
0.013147
0.004725
0.000411
0.005607
0.026228
0.000136
0.002311
0.030928
0.046273
0.011769
0.026696
0.020208
0.025700
0.000244
0.003894
0.007071
0.003288
0.002964
0.012026
0.020594
0.004171
0.007139
0.000733
0.006936
0.000544
0.006878
0.002113
0.001661
0.005324
0.040634
0.012987
0.003199
0.009686
0.002837
0.005680
0.005651
0.028265
0.001335
0.009865
0.005639
0.003874
0.005028
0.011101
0.009994
0.000073
0.001054
0.007085
0.025349
0.004758
0.001095
0.013272
0.002332
0.001791
0.003926
0.006718
0.000890
0.013880
0.006483
0.006240
0.015721
0.017702
0.001359
0.020240
0.026982
0.001173
0.010744
0.013265
0.016555
0.009136
0.008781
0.005605
0.012299
0.008787
0.006261
0.021427
0.005843
0.024694
0.020595
0.001221
0.004301
0.029971
0.022452
0.021626
0.007021
0.002389
0.002422
0.008442
0.005596
0.017139
0.003254
0.013465
0.028059
0.007008
0.009400
0.004623
0.001282
0.020283
0.034865
0.006545
0.084549
0.004906
0.039678
0.021958
0.005207
0.011381
0.009175
0.016882
0.018120
0.032194
0.027557
0.012002
0.020421
0.004006
0.006430
0.036227
0.000643
0.019918
0.005000
0.020568
0.026041
0.056600
0.000719
0.007082
0.001208
0.013488
0.001763
0.023581
0.029644
0.020398
0.013731
0.017831
0.010247
0.009129
0.000963
0.018973
0.000220
0.001003
0.004565
0.001909
0.001267
0.004528
0.038901
0.077920
0.036120
0.029521
0.011563
0.007863
0.005777
0.000233
0.018923
0.009003
0.000784
0.017049
0.031408
0.021070
0.012013
0.005835
0.014257
0.016156
0.010428
0.023381
0.000174
0.007924
0.014733
0.032966
0.005193
0.014383
0.000538
0.001322
0.003161
0.007183
0.011827
0.016678
0.030659
0.024040
0.028493
0.015102
0.001720
0.007705
0.011567
0.008191
0.007513
0.006063
0.003431
0.049754
0.016254
0.009531
0.013224
0.001537
0.021344
0.025582
0.024291
0.004515
0.001430
0.031621
0.009945
0.000117
0.001566
0.012180
0.014068
0.007467
0.012068
0.013759
0.007059
0.010919
0.011827
0.006978
0.000785
0.009048
0.009783
0.012120
0.022866
0.010758
0.001957
0.021389
0.011818
0.004367
0.003864
0.035479
0.003692
0.000788
0.000840
0.022932
0.010077
0.002436
0.038065
0.001614
0.002106
0.022910
0.012945
0.004633
0.000685
0.009503
0.015687
0.008602
0.010001
0.021923
0.000063
0.011084
0.006618
0.011626
0.004736
0.003937
0.000531
0.021304
0.009552
0.023130
0.003569
0.029390
0.002683
0.000204
0.005555
0.000088
0.020955
0.019906
0.024350
0.001228
0.006909
0.015289
0.006652
0.001664
0.000431
0.001068
0.002577
0.005989
0.011682
0.003065
0.022871
0.001043
0.032336
0.021979
0.012886
0.006614
0.014065
0.005474
0.000626
0.001338
0.002323
0.001376
0.001302
0.013326
0.000556
0.005582
0.018352
0.005901
0.005025
0.011428
0.011966
0.004524
0.004066
0.033755
0.001288
0.002668
0.003965
0.028918
0.040309
0.016163
0.007096
0.016951
0.000550
0.010768
0.001002
0.003848
0.028357
0.065618
0.028743
0.007368
0.010696
0.007288
0.008070
0.026287
0.053726
0.000218
0.003204
0.002804
0.002343
0.003055
0.017983
0.012256
0.026987
0.014377
0.001878
0.014491
0.024779
0.072106
0.003122
0.005465
0.001825
0.012349
0.009802
0.011840
0.019011
0.002471
0.000548
0.012875
0.007985
0.000583
0.000248
0.016778
0.002931
0.011631
0.017445
0.000818
0.011739
0.009632
0.000318
0.006201
0.001601
0.002812
0.001694
0.036791
0.009795
0.016540
0.008995
0.008052
0.003299
0.001566
0.012055
0.013231
0.005362
0.003040
0.002117
0.060327
0.009977
0.005798
0.004078
0.005005
0.008041
0.026178
0.059245
0.000721
0.006697
0.052148
0.002395
0.002555
0.009709
0.010748
0.011448
0.006555
0.005479
0.012361
0.004757
0.003548
0.012568
0.010860
0.018714
0.007080
0.011721
0.017784
0.001008
0.012584
0.001456
0.037081
0.015109
0.013928
0.015835
0.003817
0.001521
0.004803
0.026827
0.006961
0.011913
0.008402
0.014650
0.011306
0.019601
