0.012119
0.012114
0.033551
0.064919
0.090899
0.093611
0.101083
0.079147
0.057431
0.062936
0.061798
0.017871
0.025071
0.043790
0.012634
0.019722
0.025663
0.018485
0.001110
0.024129
0.031902
0.009606
0.001031
0.024586
0.012234
0.029703
0.025111
0.006171
0.001008
0.030516
0.007870
0.033680
0.048544
0.001012
0.000005
0.014304
0.003894
0.007718
0.007729
0.100237
0.054890
0.023833
0.029818
0.006987
0.023355
0.012144
0.011550
0.012175
0.024871
0.002306
0.001963
0.015389
0.011501
0.023999
0.004465
0.029166
0.032859
0.038029
0.028380
0.015067
0.004118
0.009084
0.014164
0.024623
0.018324
0.003486
0.010277
0.008019
0.004923
0.008529
0.002310
0.010224
0.012091
0.001444
0.003829
0.001287
0.000336
0.022061
0.068282
0.007306
0.028305
0.027900
0.019289
0.042140
0.017046
0.014385
0.035451
0.006261
0.001352
0.038988
0.018153
0.015272
0.020384
0.013490
0.008402
0.015447
0.002405
0.021922
0.000879
0.001760
0.002519
0.055809
0.015652
0.035781
0.000489
0.013244
0.030005
0.005114
0.005668
0.010278
0.003851
0.007492
0.003238
0.039831
0.014287
0.006096
0.039603
0.028538
0.028665
0.020915
0.086248
0.045091
0.014785
0.001660
0.018073
0.052966
0.030927
0.001786
0.024111
0.013678
0.017356
0.064824
0.009448
0.019992
0.008870
0.008711
0.034933
0.031482
0.052565
0.003993
0.000041
0.006635
0.026880
0.041312
0.012834
0.065359
0.008740
0.013315
0.022756
0.019686
0.002329
0.007865
0.022814
0.007206
0.016862
0.021977
0.031379
0.020948
0.024647
0.007848
0.012309
0.031586
0.015592
0.001199
0.006947
0.006572
0.092351
0.038395
0.046656
0.042902
0.001741
0.000679
0.010239
0.004088
0.009626
0.019519
0.005964
0.032853
0.013423
0.018865
0.004471
0.016242
0.015678
0.004012
0.001370
0.022489
0.014977
0.000382
0.003959
0.058706
0.000561
0.016215
0.004113
0.004079
0.027506
0.000853
0.041429
0.051474
0.023076
0.005298
0.077760
0.000827
0.007894
0.026737
0.011920
0.005212
0.000126
0.012704
0.007138
0.012341
0.000879
0.057469
0.006862
0.005616
0.030408
0.012546
0.023379
0.041779
0.037521
0.059020
0.016675
0.006632
0.012979
0.007186
0.010412
0.022349
0.008062
0.034520
0.044920
0.041559
0.003499
0.000193
0.014554
0.002720
0.064358
0.027197
0.037066
0.031799
0.003060
0.015783
0.001031
0.004641
0.033411
0.000308
0.018705
0.018655
0.002141
0.091659
0.083057
0.106089
0.049596
0.015664
0.016681
0.011117
0.009303
0.007508
0.011860
0.035201
0.038694
0.028951
0.040956
0.024225
0.008577
0.021744
0.032081
0.026108
0.002531
0.000580
0.001010
0.000771
0.027839
0.005875
0.020539
0.016005
0.011677
0.018361
0.016347
0.039721
0.001034
0.010155
0.000332
0.008389
0.106627
0.025331
0.013994
0.009764
0.006119
0.018703
0.008906
0.017169
0.004174
0.002233
0.001890
0.005423
0.019322
0.017140
0.031666
0.013391
0.024675
0.030692
0.005537
0.006598
0.012403
0.005051
0.001432
0.007406
0.006466
0.032256
0.006816
0.002003
0.059288
0.023531
0.020617
0.016103
0.011705
0.017615
0.012377
0.010427
0.009376
0.012561
0.058786
0.008393
0.015218
0.001779
0.015376
0.014416
0.003962
0.007510
0.005826
0.019208
0.010984
0.043351
0.010453
0.011512
0.045850
0.008460
0.060857
0.050835
0.010129
0.044583
0.022490
0.000489
0.041004
0.001712
0.014845
0.012613
0.000438
0.026151
0.006543
0.003856
0.010160
0.010195
0.026736
0.029289
0.045736
0.008849
0.000836
0.041771
0.058181
0.023275
0.002076
0.017722
0.021077
0.015271
0.006049
0.019909
0.011032
0.029401
0.026352
0.009956
0.021912
0.010650
0.010356
0.015137
0.020343
0.094931
0.000433
0.004093
0.063643
0.000754
0.014800
0.045245
0.015580
0.003989
0.001670
0.029734
0.106882
0.034650
0.014257
0.040608
0.018692
0.032156
0.005440
0.002848
0.016645
0.005575
0.005681
0.005617
0.004326
0.004077
0.018646
0.001912
0.022987
0.004076
0.033139
0.026883
0.035295
0.002858
0.004543
0.000814
0.007490
0.016637
0.015782
0.002561
0.020406
0.032674
0.024199
0.014329
0.006291
0.045970
0.048481
0.007495
0.020143
0.081202
0.000256
0.004268
0.001851
0.025326
0.016894
0.043546
0.032974
0.008756
0.013597
0.025406
0.032049
0.005268
0.002157
0.011484
0.027172
0.012167
0.077670
0.017907
0.042685
0.026276
0.011158
0.046387
0.011933
0.016475
0.006087
0.010056
0.109691
0.005782
0.017788
0.006392
0.004932
0.029807
0.022329
0.004573
0.036676
0.026284
0.004879
0.011555
0.022526
0.001169
0.001732
0.080148
0.066895
0.039702
0.002939
0.062184
0.000980
0.004459
0.055475
0.029324
0.004388
0.003008
0.000317
0.028023
0.012755
0.080832
0.016584
0.001874
0.002233
0.032214
0.044905
0.001507
0.006558
0.001383
0.028711
0.001045
0.006421
0.005320
0.039690
0.001102
0.010892
0.002430
0.028390
0.016358
0.012244
0.019621
0.016477
0.021258
0.031696
0.030241
0.011962
0.018721
0.015051
0.019000
0.037286
0.032346
0.000533
0.059932
0.056752
0.012504
0.008184
0.026197
0.007723
0.005695
0.014663
0.011334
0.043208
0.019046
0.015082
0.004780
0.000016
0.001446
0.010775
0.055161
0.027079
0.001072
0.012128
0.008064
0.032252
0.028928
0.007661
0.054695
0.020696
0.012793
0.060440
0.007411
0.007129
0.062933
0.024136
0.000921
0.022408
0.025513
0.004036
0.003735
0.003454
0.019979
0.010064
0.017380
0.041837
0.029743
0.064327
0.063971
0.030891
0.002760
0.015805
0.003718
0.064644
0.053381
0.011796
0.000588
0.000011
0.024510
0.008367
0.017493
0.009704
0.068688
0.004781
0.016329
0.012380
0.015069
0.003218
0.087711
0.014292
0.006018
0.036848
0.022162
0.006337
0.007250
0.002121
0.027460
0.019441
0.060093
0.062495
0.003151
0.005449
0.002425
0.011840
0.023433
0.001416
0.000639
0.015024
0.096734
0.068919
0.004081
0.058686
0.075704
0.006534
0.047441
0.040023
0.000169
0.002684
0.023693
0.001933
0.003022
0.000221
0.025274
0.007367
0.006659
0.039207
0.016040
0.015595
0.004710
0.005775
0.016993
0.003954
0.029558
0.000887
0.003161
0.013549
0.021847
0.013236
0.036086
0.024304
0.025537
0.014422
0.002531
0.054296
0.014359
0.022920
0.010410
0.004576
0.012178
0.046573
0.004485
0.000614
0.006407
0.010916
0.000856
0.007071
0.012198
0.000848
0.072361
0.012160
0.000864
0.093510
0.049529
0.048468
0.008565
0.019790
0.017960
0.034213
0.012907
0.010966
0.003872
0.002982
0.004389
0.050070
0.047270
0.041908
0.061741
0.032731
0.023833
0.005851
0.001786
0.002898
0.000797
0.064183
0.010534
0.038032
0.008135
0.006745
0.019872
0.004255
0.008151
0.006398
0.015847
0.032484
0.031660
0.012645
0.017820
0.005967
0.002558
0.007293
0.028787
0.031318
0.031957
0.017692
0.006874
0.008295
0.009216
0.002350
0.004804
0.006591
0.025839
0.032466
0.004557
0.043058
0.022169
0.020199
0.034024
0.001922
0.001247
0.013536
0.012942
0.008726
0.026483
0.004054
0.008762
0.012658
0.016784
0.002768
0.013700
0.038386
0.015111
0.004430
0.010930
0.006439
0.028352
0.023321
0.008985
0.023303
0.035206
0.022030
0.014088
0.059104
0.000073
0.010140
0.011613
0.000302
0.060140
0.019854
0.000532
0.021634
0.035012
0.006323
0.045953
0.007289
0.013203
0.002752
0.006317
0.012545
0.008228
0.026124
0.007181
0.003134
0.001356
0.000750
0.017742
0.006902
0.008204
0.008374
0.071200
0.040589
0.000489
0.010447
0.007302
0.001962
0.023000
0.007778
0.021904
0.001578
0.006735
0.001556
0.027978
0.005333
0.036858
0.005513
0.002898
0.016099
0.003342
0.031141
0.009248
0.001014
0.033078
0.000598
0.013018
0.016433
0.000359
0.029031
0.021768
0.000756
0.001467
0.001890
0.043189
0.014411
0.002345
0.042415
0.007123
0.034251
0.019313
0.018476
0.000141
0.010440
0.012441
0.009208
0.001748
0.040013
0.014906
0.020457
0.014689
0.009711
0.014889
0.020009
0.000197
0.003718
0.073683
0.005925
0.030192
0.008523
0.113818
0.085344
0.006930
0.010136
0.024513
0.018403
0.004034
0.015004
0.015430
0.015244
0.004542
0.000710
0.001285
0.001219
0.028816
0.013148
0.026813
0.007977
0.005224
0.008066
0.045587
0.007657
0.030830
0.033098
0.023891
0.037929
0.024938
0.017553
0.001483
0.026193
0.004259
0.011561
0.050167
0.011512
0.008736
0.002265
0.007930
0.000789
0.003233
0.016200
0.000774
0.001066
0.064886
0.007089
0.003471
0.003963
0.018476
0.015956
0.018724
0.009714
0.026201
0.003536
0.032639
0.000069
0.036835
0.013567
0.095897
0.006796
0.009216
0.032636
0.011562
0.007983
0.055268
0.016116
0.049413
0.041599
0.000320
0.015468
0.004345
0.004185
0.007908
0.005777
0.013119
0.018911
0.006408
0.000598
0.017077
0.006519
0.009432
0.024794
0.035430
0.005772
0.009091
0.029006
0.005916
0.015043
0.039135
0.006758
0.052249
0.046339
0.044082
0.001377
0.069426
0.004571
0.013766
0.003542
0.008598
0.020102
0.019199
0.050851
0.035559
0.022498
0.014025
0.000142
0.002644
0.023839
0.002563
0.006897
0.022338
0.009883
0.004238
0.014544
0.010077
0.019619
0.003171
0.002196
0.005862
0.017938
0.006134
0.000711
0.008510
0.041101
0.005403
0.007810
0.015232
0.002413
0.019938
0.011540
0.039016
0.002484
0.039750
0.011842
0.001039
0.040527
0.032067
0.058085
0.008678
0.018577
0.010946
0.000065
0.001148
0.007370
0.009924
0.014806
0.016432
0.017038
0.007703
0.020309
0.052591
0.037856
0.025526
0.003474
0.007711
0.013057
0.071398
0.008677
0.010161
0.003760
0.007739
0.009403
0.007464
0.010548
0.018704
0.047480
0.036480
0.015868
0.011448
0.152640
0.078939
0.066473
0.010687
0.025279
0.014509
0.016196
0.009219
0.016569
0.036036
0.035975
0.010988
0.007036
0.053521
0.048206
0.003976
0.002990
0.003495
0.022441
0.019898
0.019789
0.000630
0.008138
0.030973
0.021790
0.036112
0.056854
0.041290
0.019199
0.014511
0.010674
0.000147
0.029548
0.021325
0.053737
0.015446
0.014713
0.004739
0.011390
0.024042
0.005263
0.071339
0.021069
0.005202
0.009393
0.003531
0.016177
0.030082
0.017296
0.010551
0.003484
0.003213
0.010350
0.002498
0.054399
0.014998
0.029796
0.033192
0.032578
0.018257
0.028013
0.018783
0.007411
0.006059
0.024342
0.013521
0.025081
0.014039
0.014277
0.011677
0.090157
0.030038
0.036383
0.060389
0.001250
0.026262
0.023751
0.045571
0.015857
0.080693
0.030408
0.049544
0.029934
0.032576
0.021298
0.020383
0.039071
0.006701
0.049726
0.039944
0.048336
0.018281
0.010195
0.047713
0.027280
0.006852
0.055448
0.055212
0.002558
0.006330
0.015892
0.035833
0.072411
0.004640
0.013156
0.000969
0.028722
0.005186
0.009821
0.005990
0.073714
0.010650
0.027639
0.024805
0.011927
0.004890
0.003132
0.037521
0.030562
0.000855
0.000913
0.040785
0.040627
0.007828
0.001626
0.010910
0.041875
0.009515
0.008260
0.015602
0.003852
0.000863
0.017580
0.005038
0.056869
0.012820
0.000376
0.026270
0.025759
0.004816
0.008672
0.003824
0.028969
0.001096
0.006120
0.003160
0.010679
0.004334
0.007886
0.004270
0.002859
0.000397
0.037050
0.066483
0.001700
0.028766
0.005242
0.011987
0.015279
0.001950
0.016992
0.021406
0.024527
0.005654
0.000126
0.023310
0.004117
0.000554
0.090191
0.031896
0.065544
0.012116
0.002455
0.011893
0.023178
0.000677
0.035331
0.026961
0.055124
0.033772
0.012439
0.009620
0.001000
0.023674
0.032833
0.022693
0.020380
0.007873
0.002048
0.014935
0.008280
0.004440
0.001186
0.012289
0.007372
0.018903
0.012770
0.018298
0.026231
0.011852
0.026284
0.005283
0.022734
0.000069
0.023964
0.006264
0.004746
0.029591
0.009918
0.008554
0.011409
0.010998
0.015778
0.010426
0.011186
0.037459
0.028112
0.002863
0.012619
0.020286
0.015641
0.011354
0.019354
0.028513
0.043983
0.030840
0.006488
0.002441
0.002188
0.015692
0.009728
0.007695
0.009139
0.006447
0.006229
0.001618
0.062057
0.000702
0.015262
0.137855
0.103191
0.000593
0.003029
0.017834
0.007656
0.013023
0.086124
0.011302
0.030133
0.024660
0.004179
0.018642
0.072093
0.064875
0.013591
0.002116
0.000300
0.002848
0.022618
0.050089
0.030795
0.023967
0.022019
0.019994
0.024177
0.011386
0.004627
0.004861
0.009806
0.009256
0.021419
0.016469
0.009195
0.001454
0.068329
0.003564
0.006031
0.001824
0.001795
0.023688
0.012108
0.009832
0.003614
0.009342
0.028093
0.002664
0.032420
0.013314
0.000896
0.018772
0.008544
0.013570
0.012405
0.003792
0.042649
0.025082
0.008154
0.012601
0.027335
0.004352
0.008120
0.005288
0.007248
0.023632
0.010097
0.001139
0.018351
0.004306
0.018611
0.049149
0.022104
0.062611
0.019178
0.014986
0.014875
0.007835
0.002630
0.024172
0.003351
0.012191
0.009357
0.001220
0.036639
0.003905
0.025919
0.006651
0.001186
0.022219
0.015238
0.006006
0.050161
0.000699
0.035630
0.024482
0.003219
0.032252
0.008469
0.030248
0.014555
0.000714
0.009149
0.066821
0.008657
0.011931
0.013078
0.028752
0.004043
0.002373
0.068142
0.028092
0.041536
0.008620
0.004121
0.039482
0.012852
0.001453
0.131179
0.039563
0.067127
0.040749
0.015679
0.006126
0.013310
0.080342
0.023029
0.008330
0.030097
0.024271
0.005401
0.008392
0.046246
0.005468
0.006338
0.011201
0.002375
0.021525
0.000347
0.079566
0.025975
0.018165
0.074562
0.015397
0.001990
0.023348
0.008375
0.027067
0.007976
0.004504
0.003551
0.002370
0.003392
0.048791
0.001314
0.001608
0.040732
0.016012
0.012021
0.021449
0.033899
0.042081
0.031650
0.001045
0.022327
0.021345
0.019753
0.034633
0.016181
0.000267
0.043785
0.007694
0.016838
0.076192
0.042126
0.019588
0.019516
0.012565
0.014014
0.020217
0.004863
0.011135
0.005146
0.027363
0.049415
0.021113
0.022484
0.007137
0.010806
0.015594
0.011287
0.000473
0.029085
0.060196
0.021474
0.015293
0.015962
0.009470
0.004934
0.033319
0.043970
0.058820
0.017751
0.001098
0.036051
0.017448
0.057294
0.045571
0.002462
0.004175
0.001779
0.026404
0.023342
0.012316
0.012641
0.018016
0.006633
0.005231
0.029031
0.014353
0.002587
0.069329
0.022387
0.009532
0.002566
0.004054
0.000302
0.008282
0.084214
0.024946
0.013242
0.010441
0.000211
0.005224
0.008154
0.049797
0.010067
0.002492
0.000399
0.000225
0.040496
0.004015
0.004263
0.012649
0.002216
0.005895
0.017911
0.005751
0.001156
0.091675
0.010227
0.016387
0.023796
0.001497
0.000141
0.008368
0.001621
0.005934
0.039728
0.034655
0.002845
0.006038
0.009122
0.034060
0.015625
0.008168
0.001663
0.001286
0.044536
0.010807
0.011824
0.038426
0.000504
0.007626
0.026730
0.015178
0.013026
0.000337
0.018202
0.015232
0.005379
0.019709
0.010592
0.027108
0.023200
0.009169
0.053444
0.003807
0.018563
0.002245
0.000731
0.004651
0.065354
0.035291
0.014014
0.014300
0.066679
0.000824
0.013816
0.024725
0.022842
0.021669
0.018010
0.002800
0.009696
0.003510
0.009707
0.003547
0.014315
0.003804
0.038681
0.036411
0.020654
0.024831
0.009724
0.033457
0.008323
0.020809
0.030227
0.028423
0.014459
0.042373
0.000319
0.001030
0.003470
0.014238
0.020742
0.005007
0.009522
0.006202
0.002288
0.001779
0.058617
0.005600
0.054244
0.008134
0.017720
0.013168
0.014360
0.021241
0.005632
0.011907
0.012532
0.022720
0.007583
0.004663
0.021027
0.029104
0.020907
0.054190
0.028172
0.006814
0.002584
0.000763
0.001695
0.003270
0.003773
0.020109
0.006780
0.045737
0.026286
0.006928
0.001542
0.001252
0.014025
0.030407
0.001619
0.006453
0.114263
0.008993
0.006620
0.008518
0.013709
0.033327
0.007452
0.012942
0.000803
0.028801
0.007306
0.040332
0.009728
0.012283
0.005310
0.003413
0.029024
0.004746
0.005862
0.017329
0.010968
0.030670
0.000050
0.029191
0.022663
0.002210
0.008748
0.004960
0.000924
0.004359
0.031106
0.085801
0.020968
0.001964
0.016727
0.019157
0.014449
0.012007
0.000178
0.032265
0.033466
0.017741
0.003841
0.018251
0.001200
0.029520
0.003979
0.000448
0.010592
0.008606
0.007600
0.022272
0.003586
0.030636
0.005666
0.007581
0.019846
0.049175
0.022764
0.038323
0.044623
0.018109
0.014967
0.024894
0.011888
0.004457
0.001074
0.010885
0.002677
0.035590
0.043424
0.026365
0.014959
0.000683
0.035210
0.026277
0.043839
0.009963
0.027698
0.029033
0.029050
0.019548
0.030457
0.143160
0.029297
0.015926
0.007068
0.005768
0.027609
0.005192
0.014113
0.100196
0.075147
0.010446
0.012332
0.001022
0.115949
0.086334
0.003142
0.058359
0.040917
0.080039
0.079928
0.021312
0.009554
0.003568
0.019188
0.006175
0.050170
0.001323
0.000701
0.017733
0.017729
0.012440
0.055331
0.007705
0.012741
0.049767
0.003109
0.015292
0.063086
0.029447
0.001124
0.005100
0.043605
0.006023
0.014327
0.024894
0.017674
0.001051
0.036080
0.018558
0.001695
0.040191
0.028725
0.003136
0.006547
0.009051
0.019661
0.011433
0.043680
0.008652
0.029755
0.044135
0.006222
0.015195
0.029480
0.027295
0.012136
0.063043
0.013776
0.010522
0.043696
0.018384
0.005506
0.012021
0.015028
0.001047
0.009078
0.007439
0.006114
0.002716
0.004803
0.002889
0.033329
0.022503
0.023884
0.000745
0.027749
0.006017
0.023107
0.028525
0.007324
0.046455
0.016969
0.007454
0.018231
0.028551
0.002059
0.017385
0.021611
0.021094
0.043698
0.041521
0.087901
0.029390
0.032518
0.032881
0.015308
0.045391
0.011530
0.015289
0.004602
0.006759
0.036908
0.011005
0.010476
0.015841
0.001787
0.010581
0.027095
0.023336
0.009604
0.000118
0.011185
0.018620
0.025309
0.029073
0.001332
0.007749
0.009865
0.010017
0.031026
0.002713
0.014721
0.000868
0.009463
0.061684
0.004740
0.021214
0.001000
0.005014
0.051798
0.013625
0.020565
0.008245
0.003072
0.023708
0.053033
0.004229
0.025878
0.020943
0.006893
0.030585
0.000295
0.002771
0.006295
0.012069
0.006255
0.010946
0.002021
0.019695
0.013096
0.000166
0.006533
0.021337
0.017779
0.012401
0.000479
0.031831
0.020569
0.019738
0.047094
0.020761
0.025799
0.011839
0.001662
0.007890
0.005333
0.009692
0.004074
0.015057
0.015108
0.008361
0.003953
0.045900
0.027900
0.010362
0.016680
0.023894
0.000513
0.022568
0.054476
0.004117
0.032698
0.011521
0.007631
0.040501
0.006863
0.040240
0.014844
0.007686
0.002107
0.018384
0.028961
0.002072
0.015632
0.011067
0.000237
0.015622
0.000829
0.003986
0.026587
0.032363
0.002406
0.007772
0.055859
0.019847
0.008730
0.008601
0.037473
0.040274
0.014057
0.004601
0.015963
0.012256
0.024597
0.001390
0.038518
0.008904
0.020258
0.023678
0.008576
0.007919
0.005594
0.024271
0.000639
0.021870
0.032124
0.024749
0.000454
0.015784
0.003907
0.000400
0.011027
0.011865
0.032116
0.023034
0.038599
0.039876
0.025541
0.023959
0.008632
0.024756
0.012402
0.044349
0.023100
0.001865
0.004458
0.010129
0.017222
0.036154
0.024683
0.022887
0.019751
0.015895
0.016169
0.007531
0.006695
0.030989
0.021879
0.009654
0.020076
0.047611
0.019306
0.001630
0.032707
0.004093
0.026941
0.030930
0.095453
0.023285
0.004705
0.012469
0.002111
0.006273
0.025739
0.047814
0.041493
0.041570
0.014679
0.006852
0.061345
0.052875
0.013441
0.031897
0.006943
0.013348
0.005979
0.001281
0.056414
0.002143
0.001922
0.017993
0.017256
0.008624
0.036156
0.031870
0.011702
0.060650
0.031573
0.005077
0.002074
0.013125
0.009489
0.045744
0.033975
0.002135
0.013086
0.000577
0.003075
0.035668
0.025462
0.030639
0.003102
0.021718
0.020232
0.006048
0.000079
0.015356
0.006829
0.031369
0.002608
0.012391
0.024488
0.000540
0.018632
0.013492
0.010200
0.045028
0.022085
0.063952
0.060804
0.034680
0.025360
0.000997
0.032556
0.046335
0.001164
0.032008
0.008463
0.032209
0.020286
0.016599
0.016449
0.004806
0.002260
0.019998
0.044442
0.019400
0.003064
0.058490
0.048298
0.022105
0.023600
0.001396
0.000080
0.009135
0.005794
0.002683
0.010135
0.006741
0.001212
0.020887
0.011519
0.023776
0.003885
0.020863
0.007823
0.000290
0.000708
0.001645
0.003510
0.005859
0.001453
0.000812
0.016626
0.002736
0.014590
0.000311
0.005464
0.008470
0.044846
0.003923
0.061653
0.001613
0.033938
0.005925
0.002128
0.004555
0.007468
0.000591
0.005259
0.003788
0.043804
0.028098
0.014234
0.004404
0.012404
0.000326
0.027448
0.011112
0.027859
0.015629
0.030199
0.010146
0.038650
0.019482
0.000454
0.008060
0.038763
0.036123
0.027488
0.021611
0.003932
0.089934
0.007163
0.017899
0.008784
0.023927
0.061647
0.006826
0.003390
0.005542
0.000911
0.090809
0.014134
0.005087
0.021099
0.045853
0.010068
0.006020
0.047054
0.025148
0.000381
0.023028
0.014136
0.057867
0.006047
0.002558
0.047081
0.049469
0.002490
0.012755
0.004026
0.024754
0.021796
0.008203
0.004740
0.003278
0.059717
0.007036
0.005369
0.021751
0.039505
0.002039
0.024265
0.010274
0.000123
0.005686
0.013173
0.021118
0.003097
0.000936
0.018557
0.007285
0.006407
0.035133
0.010105
0.005630
0.005633
0.004856
0.000740
0.003941
0.029005
0.000261
0.000324
0.072714
0.023980
0.013357
0.015889
0.035687
0.067497
0.003976
0.009377
0.019261
0.007096
0.002485
0.047492
0.009806
0.003248
0.006758
0.009111
0.016747
0.001640
0.004310
0.012204
0.000374
0.033570
0.005825
0.009082
0.114161
0.014959
0.006887
0.045016
0.022441
0.000030
0.026112
0.001983
0.002998
0.014817
0.009824
0.026632
0.001140
0.014894
0.025962
0.015996
0.022915
0.001452
0.002331
0.000587
0.002795
0.015088
0.001249
0.010601
0.000044
0.002967
0.036043
0.030584
0.002979
0.020122
0.018261
0.032205
0.007414
0.018097
0.024343
0.030148
0.005759
0.009617
0.000546
0.016236
0.004345
0.000785
0.009423
0.091527
0.002308
0.015495
0.018559
0.023709
0.011992
0.019611
0.002622
0.004306
0.001095
0.013152
0.013241
0.013394
0.013503
0.012785
0.008213
0.021974
0.021685
0.013747
0.014690
0.016774
0.020646
0.022143
0.003236
0.024631
0.058662
0.003551
0.010643
0.000822
0.008895
0.038735
0.035398
0.005080
0.029902
0.019573
0.023918
0.006755
0.014520
0.006178
0.011725
0.007728
0.035906
0.001589
0.033079
0.005019
0.060930
0.020375
0.007233
0.003308
0.052443
0.048133
0.001793
0.005325
0.020327
0.025704
0.014170
0.012098
0.001716
0.005723
0.029202
0.008686
0.002589
0.011242
0.014630
0.004136
0.007438
0.001008
0.003456
0.008272
0.018426
0.014892
0.020593
0.001434
0.011649
0.010160
0.012580
0.066752
0.011140
0.052216
0.017757
0.004791
0.036735
0.002528
0.000708
0.001824
0.004730
0.013115
0.000193
0.015163
0.006426
0.008507
0.003677
0.030007
0.003821
0.051445
0.059554
0.048214
0.043437
0.006835
0.008575
0.011497
0.011308
0.005324
0.014362
0.031520
0.001474
0.002938
0.003950
0.034063
0.007092
0.008413
0.007794
0.029706
0.023457
0.019466
0.009543
0.003755
0.013464
0.010821
0.000528
0.005112
0.003648
0.047370
0.050336
0.007126
0.013535
0.005197
0.034226
0.007650
0.017161
0.041369
0.058345
0.024864
0.030580
0.004760
0.002359
0.022628
0.002710
0.013672
0.041425
0.022268
0.003253
0.023693
0.037859
0.026699
0.008340
0.027884
0.010897
0.007099
0.050966
0.028145
0.005533
0.015062
0.000227
0.002467
0.018654
0.020598
0.007692
0.000568
0.003392
0.024048
0.034805
0.015818
0.033227
0.007070
0.023413
0.013815
0.023818
0.018753
0.007446
0.006400
0.029544
0.000073
0.033071
0.014671
0.030608
0.056869
0.012431
0.007757
0.021479
0.000853
0.003026
0.012750
0.017949
0.005720
0.000873
0.047113
0.028245
0.007720
0.002467
0.023569
0.003660
0.001380
0.005304
0.024176
0.002592
0.005917
0.011623
0.007741
0.040034
0.005483
0.016889
0.006172
0.008161
0.017088
0.010086
0.002474
0.000204
0.059953
0.019981
0.006578
0.041199
0.021211
0.001253
0.006994
0.006203
0.042280
0.004799
0.004315
0.051010
0.014091
0.017099
0.002684
0.008384
0.001344
0.003830
0.012467
0.005375
0.002750
0.016483
0.006062
0.006038
0.061698
0.034463
0.001127
0.006040
0.002454
0.005839
0.013059
0.017358
0.002268
0.005849
0.016355
0.013390
0.005654
0.034491
0.023041
0.021340
0.023868
0.004468
0.030861
0.051146
0.008260
0.024406
0.003362
0.011215
0.004679
0.006323
0.024846
0.033355
0.009253
0.037368
0.021705
0.007922
0.044573
0.026134
0.054007
0.013636
0.017366
0.072616
0.034405
0.051874
0.013071
0.016124
0.056161
0.013979
0.017219
0.040236
0.043827
0.009162
0.026566
0.004739
0.014419
0.004372
0.010683
0.024876
0.013222
0.010630
0.000973
0.010448
0.001960
0.027335
0.011218
0.026599
0.020478
0.086901
0.010451
0.029601
0.019368
0.006149
0.019810
0.009555
0.014393
0.018545
0.057239
0.001556
0.045057
0.025179
0.005342
0.035672
0.039235
0.017709
0.028394
0.003936
0.002588
0.001458
0.006533
0.001716
0.041230
0.012696
0.005931
0.024843
0.062879
0.004163
0.013436
0.006046
0.001180
0.042732
0.036812
0.056176
0.072092
0.008026
0.018882
0.018149
0.014086
0.014328
0.001036
0.014340
0.023555
0.012601
0.013298
0.019816
0.008091
0.005200
0.006919
0.021139
0.006201
0.018065
0.003649
0.013453
0.012215
0.005965
0.007753
0.016460
0.011620
0.013867
0.078753
0.004768
0.012276
0.037112
0.036569
0.009487
0.020736
0.011082
0.020574
0.080347
0.049863
0.091993
0.002813
0.051874
0.011822
0.029654
0.010572
0.011043
0.030156
0.030268
0.017959
0.012823
0.010722
0.003340
0.001411
0.067394
0.003816
0.008170
0.011657
0.017400
0.011839
0.008872
0.001095
0.061722
0.005805
0.050369
0.004226
0.033157
0.003269
0.013340
0.010000
0.001928
0.001861
0.022060
0.006491
0.014742
0.018925
0.047569
0.032227
0.019065
0.011168
0.059288
0.024043
0.023410
0.020338
0.039871
0.017895
0.022330
0.020866
0.027763
0.017316
0.020910
0.018973
0.020055
0.009715
0.013991
0.013844
0.009853
0.027061
0.045236
0.017244
0.010046
0.001685
0.030116
0.000282
0.046100
0.007988
0.036147
0.000195
0.009227
0.004987
0.041142
0.005944
0.019188
0.009565
0.019338
0.005888
0.034328
0.017986
0.002983
0.008033
0.027265
0.008023
0.045752
0.006307
0.013127
0.011297
0.004005
0.001843
0.034246
0.003875
0.016337
0.030859
0.018110
0.011484
0.003795
0.086370
0.006694
0.040752
0.018243
0.026652
0.061344
0.060417
0.002082
0.093407
0.000329
0.003456
0.035633
0.016639
0.015741
0.006356
0.000966
0.008963
0.032288
0.013579
0.022986
0.017656
0.006945
0.008967
0.013006
0.016544
0.000394
0.038345
0.000531
0.008004
0.032847
0.034171
0.017166
0.001080
0.059547
0.015720
0.035179
0.039640
0.020396
0.001279
0.011161
0.001766
0.013752
0.006755
0.003019
0.003716
0.025550
0.034815
0.008885
0.021227
0.021034
0.001447
0.021210
0.011818
0.023825
0.002275
0.004867
0.007899
0.000116
0.059884
0.022327
0.014613
0.009501
0.001830
0.019205
0.154982
0.140261
0.036082
0.025983
0.002621
0.026364
0.021362
0.007314
0.028930
0.013557
0.032341
0.017436
0.005173
0.000206
0.044806
0.007951
0.043552
0.006962
0.025883
0.011308
0.012639
0.018323
0.007671
0.010029
0.011878
0.001829
0.008119
0.002928
0.011404
0.007284
0.004842
0.003103
0.008393
0.029409
0.013297
0.049747
0.000350
0.026525
0.008523
0.009239
0.001007
0.033128
0.012915
0.003863
0.023516
0.016073
0.021286
0.010458
0.011831
0.063439
0.039837
0.045155
0.001105
0.003362
0.011891
0.007728
0.031217
0.033238
0.022103
0.021881
0.044955
0.005897
0.010985
0.004984
0.010304
0.010796
0.033099
0.000778
0.030337
0.010760
0.009976
0.015159
0.018125
0.025009
0.035765
0.012692
0.006464
0.007655
0.009341
0.007875
0.014379
0.002598
0.067605
0.021227
0.019450
0.025080
0.022198
0.014322
0.064136
0.000238
0.008892
0.002889
0.000279
0.014663
0.000422
0.004828
0.004737
0.006738
0.030702
0.002380
0.012316
0.031304
0.014802
0.069321
0.058487
0.059825
0.017289
0.006726
0.010148
0.030108
0.000760
0.001202
0.000286
0.014441
0.001442
0.018654
0.002098
0.074039
0.051339
0.007040
0.006466
0.022349
0.015205
0.001429
0.011553
0.001798
0.010422
0.024583
0.015059
0.025758
0.013827
0.010108
0.031673
0.003013
0.015713
0.001221
0.006445
0.003565
0.010570
0.000458
0.006293
0.012558
0.008528
0.031104
0.016065
0.007809
0.037445
0.019450
0.001919
0.029494
0.038918
0.002466
0.039856
0.003556
0.002393
0.003488
0.053317
0.002528
0.006346
0.016609
0.004587
0.009024
0.031209
0.010640
0.006933
0.063761
0.000535
0.012139
0.017062
0.006745
0.011174
0.070696
0.012629
0.004930
0.036202
0.000963
0.018250
0.005968
0.000931
0.035601
0.020215
0.006968
0.051710
0.033848
0.016500
0.097663
0.023997
0.008686
0.025168
0.001962
0.062509
0.042110
0.021717
0.001330
0.005563
0.047488
0.004631
0.000619
0.005049
0.002376
0.017148
0.013733
0.024647
0.024130
0.027512
0.002179
0.026035
0.013412
0.007198
0.007386
0.001765
0.018273
0.047288
0.049536
0.006721
0.011271
0.000026
0.061062
0.026272
0.037491
0.010074
0.023760
0.016080
0.104105
0.074418
0.050084
0.050746
0.040245
0.002515
0.000418
0.005136
0.003120
0.027689
0.005314
0.014949
0.001454
0.013855
0.011399
0.000759
0.003185
0.016240
0.001266
0.004093
0.016634
0.026960
0.006449
0.042210
0.032038
0.020652
0.002404
0.008453
0.001781
0.006477
0.050890
0.074520
0.020498
0.030025
0.006638
0.023130
0.015908
0.001154
0.004913
0.034735
0.079076
0.007761
0.003281
0.048245
0.034698
0.026000
0.034964
0.011857
0.004452
0.001208
0.012352
0.007395
0.018360
0.017024
0.011702
0.009447
0.028504
0.002639
0.027725
0.011106
0.025412
0.006395
0.057777
0.030403
0.004769
0.002773
0.031318
0.018710
0.012544
0.005494
0.002957
0.000706
0.006041
0.006063
0.003821
0.018579
0.002172
0.000276
0.002166
0.013850
0.002934
0.003832
0.031009
0.003883
0.036547
0.011660
0.001228
0.004916
0.031246
0.029483
0.011644
0.019777
0.026303
0.020732
0.005006
0.009567
0.006430
0.003141
0.007300
0.014850
0.009064
0.009183
0.039872
0.031011
0.049612
0.006916
0.012721
0.003759
0.020903
0.000658
0.007534
0.010942
0.021353
0.002086
0.014253
0.005161
0.020588
0.033570
0.000185
0.016251
0.008917
0.001234
0.087173
0.013758
0.007153
0.015184
0.004993
0.041305
0.009729
0.004362
0.053369
0.029254
0.005656
0.011745
0.011251
0.014028
0.002089
0.045025
0.035606
0.036629
0.017091
0.037960
0.034058
0.003890
0.028691
0.025176
0.014857
0.022288
0.008666
0.030939
0.027723
0.008590
0.005810
0.006698
0.009881
0.026657
0.019744
0.010020
0.019316
0.002767
0.001003
0.001633
0.000602
0.011012
0.008727
0.005242
0.002469
0.015183
0.004519
0.006807
0.043484
0.021237
0.057040
0.018672
0.004389
0.016856
0.021289
0.025559
0.008539
0.013321
0.027104
0.002500
0.005081
0.005991
0.013364
0.017129
0.000226
0.022849
0.002099
0.007075
0.049842
0.047557
0.003993
0.007277
0.004296
0.007887
0.004622
0.004901
0.010186
0.011081
0.045558
0.011836
0.017312
0.009931
0.000986
0.018367
0.006076
0.001004
0.033792
0.014352
0.022527
0.009268
0.001085
0.034854
0.015102
0.005594
0.009243
0.030964
0.008178
0.036345
0.060897
0.002613
0.030021
0.002384
0.014880
0.004324
0.007247
0.001377
0.015144
0.021371
0.001995
0.013133
0.002111
0.002455
0.028527
0.016327
0.011587
0.014711
0.002389
0.034631
0.067799
0.005959
0.038852
0.030115
0.050697
0.010137
0.002131
0.043403
0.010858
0.014138
0.003539
0.017750
0.018497
0.005732
0.055958
0.007642
0.011695
0.028093
0.012654
0.061837
0.008899
0.017084
0.003968
0.028340
0.059328
0.025823
0.037241
0.026865
0.086357
0.019239
0.001337
0.055357
0.001268
0.038291
0.018592
0.054030
0.000328
0.018103
0.016103
0.024469
0.010990
0.002187
0.021694
0.002297
0.014576
0.002950
0.007850
0.005847
0.014476
0.031928
0.001452
0.002016
0.053629
0.049307
0.057614
0.040021
0.038791
0.015542
0.013809
0.009758
0.023220
0.021450
0.009955
0.002223
0.007595
0.083580
0.055113
0.028913
0.003948
0.001510
0.027121
0.040388
0.010683
0.019931
0.000433
0.005827
0.009320
0.055614
0.003676
0.014417
0.017884
0.037979
0.021888
0.007321
0.026224
0.017809
0.044876
0.055021
0.013436
0.014800
0.021329
0.003523
0.049607
0.032519
0.036500
0.032741
0.005237
0.000798
0.001308
0.000564
0.016081
0.003666
0.042953
0.029893
0.022298
0.000102
0.029717
0.026657
0.001934
0.007586
0.046183
0.013138
0.029256
0.004520
0.003915
0.004376
0.015299
0.011981
0.032433
0.022342
0.028329
0.024014
0.015119
0.006718
0.004545
0.016745
0.017441
0.007405
0.013797
0.003991
0.012182
0.002808
0.015004
0.004885
0.007947
0.019373
0.026731
0.027600
0.001349
0.034824
0.046694
0.046785
0.005553
0.006296
0.009883
0.042153
0.021974
0.001811
0.008347
0.007315
0.023402
0.008767
0.033843
0.020190
0.010915
0.024180
0.009049
0.028941
0.006124
0.017489
0.000704
0.008068
0.045115
0.007262
0.025458
0.015846
0.025721
0.008155
0.009899
0.006487
0.001399
0.031370
0.004710
0.000408
0.003209
0.025849
0.001323
0.022290
0.015048
0.001151
0.009919
0.047836
0.045754
0.028707
0.001717
0.012604
0.002866
0.011635
0.012816
0.031913
0.000002
0.009726
0.006731
0.003638
0.008178
0.014328
0.000511
0.008776
0.089346
0.060745
0.021421
0.011795
0.010849
0.015178
0.023918
0.023680
0.032667
0.013205
0.017936
0.007068
0.009128
0.054351
0.004484
0.028063
0.025450
0.012215
0.004100
0.040433
0.014575
0.011134
0.037732
0.018555
0.068875
0.004458
0.012947
0.001677
0.000805
0.012518
0.014401
0.034426
0.004870
0.032000
0.036051
0.027158
0.045287
0.027911
0.008230
0.031857
0.023335
0.004530
0.002863
0.015195
0.000992
0.007548
0.013747
0.002781
0.003412
0.026873
0.001308
0.015832
0.030813
0.023822
0.001174
0.045089
0.044834
0.005873
0.010977
0.005157
0.011798
0.019129
0.019224
0.001976
0.035244
0.003712
0.011678
0.003326
0.031972
0.011055
0.007097
0.041738
0.013913
0.002305
0.101257
0.052156
0.020573
0.015092
0.007515
0.000298
0.002785
0.021649
0.037104
0.000333
0.008550
0.000555
0.042439
0.007235
0.016672
0.015669
0.002083
0.015053
0.008346
0.004156
0.065578
0.000671
0.012631
0.017946
0.006469
0.004646
0.022539
0.004658
0.000731
0.005664
0.004541
0.056401
0.027960
0.001773
0.016501
0.022131
0.042847
0.025985
0.048487
0.000948
0.076670
0.010975
0.041832
0.005225
0.010661
0.010052
0.016958
0.034654
0.023191
0.021429
0.023086
0.002531
0.009670
0.006095
0.000916
0.030334
0.022601
0.000622
0.035879
0.031593
0.004602
0.086700
0.022284
0.000781
0.007246
0.014994
0.010267
0.016527
0.024300
0.024201
0.000803
0.009999
0.001851
0.036863
0.006963
0.002568
0.080859
0.034761
0.026604
0.016696
0.024060
0.000744
0.025875
0.002620
0.001203
0.004298
0.020707
0.003384
0.084357
0.058306
0.032957
0.038474
0.029288
0.043567
0.006995
0.002811
0.024657
0.017282
0.000680
0.031688
0.015601
0.001043
0.005666
0.001419
0.001991
0.056027
0.029515
0.004366
0.002469
0.039475
0.003190
0.000851
0.037745
0.013913
0.063307
0.038875
0.007510
0.056055
0.031330
0.040810
0.021177
0.013497
0.010309
0.029321
0.054012
0.015486
0.039012
0.022700
0.008122
0.006240
0.014711
0.023653
0.013059
0.001036
0.017022
0.001676
0.003315
0.004255
0.027039
0.026260
0.020101
0.003518
0.002457
0.004247
0.002209
0.035649
0.001961
0.057557
0.033176
0.009388
0.044014
0.006353
0.004509
0.005846
0.021821
0.023669
0.002408
0.006357
0.019166
0.005499
0.028227
0.009035
0.006708
0.001459
0.014264
0.035543
0.007109
0.005469
0.021770
0.034884
0.010798
0.028832
0.019749
0.035293
0.005068
0.030346
0.021415
0.038998
0.027342
0.052934
0.031134
0.003387
0.001086
0.036636
0.019066
0.002133
0.047153
0.014852
0.000161
0.003010
0.031134
0.023286
0.036258
0.010731
0.047633
0.018034
0.010077
0.054156
0.051819
0.002524
0.007520
0.035213
0.002273
0.001433
0.010201
0.035479
0.007445
0.007528
0.000764
0.006123
0.006878
0.007800
0.006259
0.019626
0.007803
0.004512
0.002403
0.011383
0.020751
0.048957
0.003312
0.061909
0.034442
0.008758
0.021407
0.024598
0.005808
0.000641
0.031940
0.017067
0.004874
0.000159
0.000033
0.051479
0.016940
0.002915
0.014088
0.038208
0.012107
0.000565
0.046420
0.017521
0.002015
0.017712
0.025532
0.065973
0.051005
0.002761
0.013910
0.044277
0.024839
0.005496
0.049893
0.034970
0.002220
0.047518
0.035881
0.006776
0.011131
0.059939
0.025347
0.031305
0.004373
0.058082
0.037345
0.016608
0.026567
0.007672
0.029320
0.008155
0.000158
0.041898
0.006040
0.018277
0.005609
0.060419
0.006835
0.000275
0.002286
0.015256
0.006734
0.031378
0.003317
0.021116
0.016804
0.012216
0.015205
0.000581
0.004264
0.053282
0.022420
0.012124
0.010768
0.007911
0.002871
0.027293
0.007200
0.000416
0.006090
0.011582
0.005930
0.012690
0.013470
0.020087
0.007795
0.002719
0.026883
0.008098
0.005649
0.010011
0.002886
0.002969
0.017143
0.005963
0.005524
0.001656
0.004683
0.015599
0.009545
0.007258
0.007918
0.003797
0.000175
0.010109
0.009809
0.022683
0.017683
0.093901
0.000499
0.004659
0.001528
0.012977
0.006300
0.004868
0.031289
0.031412
0.016312
0.003642
0.035108
0.012584
0.003202
0.014750
0.008711
0.007759
0.022404
0.002749
0.015427
0.002648
0.026850
0.008883
0.010339
0.003103
0.002266
0.007107
0.037762
0.008550
0.009722
0.002769
0.004096
0.053773
0.043299
0.043616
0.007697
0.043771
0.009498
0.005621
0.080835
0.017223
0.023728
0.044728
0.023872
0.033618
0.000070
0.014540
0.003985
0.006916
0.002576
0.000072
0.039110
0.027062
0.009535
0.012479
0.007638
0.002065
0.036992
0.008790
0.013131
0.020182
0.010558
0.020326
0.001988
0.020607
0.001722
0.014762
0.012024
0.054194
0.010248
0.000453
0.008728
0.000168
0.024007
0.005163
0.059760
0.016947
0.051650
0.005363
0.005337
0.076374
0.021383
0.004817
0.005417
0.011970
0.016025
0.004352
0.001680
0.020201
0.003668
0.002956
0.006205
0.008905
0.025059
0.000463
0.014253
0.062150
0.000110
0.008681
0.003301
0.019484
0.000313
0.023948
0.014736
0.028719
0.031531
0.034125
0.023291
0.020000
0.002732
0.065608
0.010612
0.000806
0.009001
0.043381
0.077550
0.030806
0.069811
0.017777
0.040613
0.003091
0.045680
0.003490
0.031606
0.008315
0.032785
0.025174
0.000062
0.009328
0.007021
0.008239
0.007458
0.028123
0.023350
0.001865
0.007595
0.009877
0.011724
0.002175
0.012636
0.056182
0.006765
0.005836
0.040723
0.045972
0.013648
0.039462
0.018508
0.037330
0.014861
0.013650
0.003833
0.011938
0.003255
0.024777
0.060789
0.003778
0.011197
0.001018
0.006380
0.005395
0.045458
0.004745
0.002914
0.036737
0.017312
0.010734
0.032189
0.002551
0.009418
0.004681
0.028709
0.023513
0.005170
0.000507
0.000034
0.027923
0.018145
0.026569
0.067954
0.000723
0.012020
0.012647
0.001653
0.020078
0.005789
0.038294
0.033859
0.003866
0.017649
0.071821
0.009594
0.016896
0.008173
0.020137
0.015239
0.003360
0.021028
0.015637
0.001131
0.049834
0.016066
0.001590
0.007439
0.004877
0.010747
0.015299
0.010433
0.015025
0.012021
0.040977
0.001481
0.012292
0.004045
0.035692
0.008377
0.013400
0.032794
0.008679
0.029908
0.011347
0.015317
0.005893
0.017571
0.004724
0.039278
0.005643
0.021110
0.023596
0.004736
0.045223
0.011484
0.015260
0.004791
0.008251
0.002136
0.011425
0.027081
0.012481
0.000887
0.047717
0.002165
0.008656
0.004985
0.001606
0.009636
0.020660
0.009428
0.008735
0.021733
0.003489
0.011462
0.031876
0.029873
0.011501
0.010492
0.022161
0.006931
0.018520
0.078810
0.006210
0.032434
0.009656
0.000315
0.012864
0.001855
0.011352
0.008467
0.002002
0.008120
0.004036
0.000148
0.007107
0.031590
0.000983
0.090146
0.012802
0.000605
0.026587
0.005423
0.022585
0.052881
0.029004
0.021250
0.037040
0.001486
0.023903
0.018655
0.006812
0.003446
0.006043
0.002887
0.009170
0.000626
0.024807
0.001887
0.083511
0.001399
0.014509
0.016180
0.018562
0.016125
0.031570
0.024496
0.044911
0.002346
0.014412
0.003123
0.002165
0.006127
0.021983
0.018918
0.017557
0.051877
0.003410
0.015828
0.047315
0.009672
0.002836
0.004876
0.002204
0.017860
0.021462
0.015873
0.006691
0.021036
0.007985
0.000419
0.000499
0.060300
0.037215
0.011845
0.008042
0.001235
0.004788
0.028087
0.004270
0.030808
0.003461
0.027239
0.001908
0.016213
0.028671
0.013014
0.060298
0.000610
0.081513
0.034274
0.001496
0.000432
0.011263
0.012834
0.046589
0.000981
0.001286
0.052875
0.008623
0.030700
0.010763
0.008924
0.008090
0.022733
0.001237
0.001543
0.043447
0.022289
0.001141
0.002284
0.003197
0.045209
0.000984
0.002510
0.006461
0.018196
0.002057
0.000977
0.008819
0.029098
0.015812
0.001207
0.003440
0.011019
0.003155
0.053985
0.005966
0.002875
0.009898
0.003681
0.003073
0.025520
0.054319
0.086972
0.084443
0.080735
0.029526
0.016811
0.007177
0.016859
0.022528
0.037759
0.046752
0.023553
0.000641
0.028844
0.009597
0.007940
0.012075
0.025759
0.013095
0.016406
0.015522
0.002774
0.028044
0.010025
0.013413
0.007933
0.012346
0.029640
0.010637
0.011499
0.037036
0.024597
0.015735
0.053579
0.036924
0.039419
0.004980
0.013303
0.055701
0.015314
0.005934
0.010255
0.001723
0.026163
0.023678
0.014599
0.030187
0.053116
0.011550
0.006356
0.017083
0.154341
0.019154
0.033258
0.004971
0.000871
0.013843
0.023512
0.017075
0.003319
0.017702
0.004222
0.024345
0.014837
0.025684
0.021658
0.021261
0.000045
0.050399
0.015637
0.000058
0.055644
0.011916
0.010278
0.017158
0.030685
0.011109
0.010938
0.018995
0.035553
0.008929
0.018736
0.008548
0.019192
0.001941
0.013015
0.018463
0.014626
0.054061
0.007216
0.010263
0.020188
0.003426
0.001645
0.000127
0.006424
0.020984
0.010602
0.014610
0.008568
0.007808
0.026048
0.010983
0.045577
0.012802
0.026890
0.002490
0.044612
0.007368
0.029065
0.030816
0.026680
0.006693
0.074145
0.022722
0.007913
0.006914
0.003977
0.029029
0.041989
0.006307
0.021328
0.013275
0.052282
0.001525
0.000560
0.012217
0.017143
0.006502
0.008925
0.019159
0.010761
0.038247
0.006667
0.067059
0.003055
0.003162
0.016389
0.001868
0.007876
0.004195
0.002516
0.058472
0.017567
0.000791
0.029765
0.000325
0.004399
0.024240
0.011911
0.006706
0.016451
0.030280
0.015396
0.003182
0.045595
0.001330
0.004483
0.020145
0.000652
0.006677
0.012429
0.004506
0.050770
0.021564
0.022532
0.001015
0.000788
0.028056
0.006077
0.021903
0.019397
0.021079
0.013790
0.012399
0.016576
0.003575
0.028071
0.001805
0.016379
0.020381
0.025463
0.013061
0.007602
0.012841
0.071628
0.052412
0.021081
0.017861
0.001505
0.032024
0.010092
0.002719
0.001509
0.005511
0.033233
0.024582
0.023521
0.042217
0.004495
0.004992
0.012588
0.033320
0.016931
0.001847
0.004895
0.014306
0.002683
0.000221
0.039575
0.003253
0.001070
0.044517
0.052078
0.029276
0.002135
0.002494
0.004302
0.002178
0.032268
0.013690
0.014304
0.073791
0.030573
0.094354
0.025416
0.013099
0.009225
0.005416
0.005229
0.011383
0.014636
0.003305
0.002144
0.004177
0.004800
0.015506
0.007859
0.000016
0.052793
0.018587
0.006945
0.004407
0.012280
0.102058
0.020785
0.000894
0.005902
0.004100
0.026491
0.027595
0.032419
0.000162
0.020671
0.047000
0.013544
0.032212
0.006784
0.011091
0.055993
0.039863
0.017781
0.010960
0.003084
0.052914
0.006192
0.004769
0.032594
0.048540
0.002880
0.014499
0.054277
0.034081
0.013900
0.017586
0.054945
0.004630
0.029883
0.031385
0.023342
0.062776
0.041564
0.024992
0.019690
0.015508
0.014337
0.003064
0.002173
0.006828
0.034936
0.007423
0.008549
0.005653
0.006046
0.007138
0.010357
0.022696
0.009524
0.001593
0.047316
0.028811
0.010603
0.014413
0.007721
0.004387
0.004747
0.011888
0.030615
0.017710
0.010589
0.003716
0.023926
0.010805
0.003027
0.063529
0.054022
0.001252
0.005544
0.056370
0.030955
0.041937
0.004703
0.002696
0.015553
0.003527
0.066137
0.006335
0.075264
0.007338
0.001984
0.022664
0.006639
0.012608
0.005544
0.002869
0.015274
0.001170
0.008610
0.020194
0.019541
0.013438
0.050997
0.088199
0.014947
0.008623
0.006113
0.008385
0.020482
0.025746
0.013320
0.007777
0.011956
0.028235
0.000099
0.017687
0.026973
0.001743
0.021738
0.007006
0.023029
0.010868
0.006270
0.026593
0.086422
0.020851
0.046390
0.005514
0.006475
0.011700
0.003250
0.029487
0.020402
0.030112
0.026249
0.007404
0.022545
0.005746
0.006722
0.010791
0.046731
0.016184
0.004483
0.001696
0.017878
0.043485
0.041735
0.005207
0.010687
0.008989
0.019953
0.001966
0.023999
0.009822
0.001731
0.021402
0.006226
0.016428
0.059945
0.013761
0.012408
0.004974
0.001029
0.004999
0.047403
0.042669
0.005225
0.021675
0.047882
0.008986
0.078927
0.071601
0.002590
0.006277
0.014806
0.023723
0.019530
0.025885
0.003025
0.005984
0.006669
0.007850
0.008487
0.002210
0.009726
0.010345
0.044857
0.034599
0.022420
0.010275
0.003859
0.007571
0.007241
0.004348
0.026612
0.001972
0.029611
0.036794
0.000380
0.009635
0.004692
0.024140
0.008112
0.017306
0.011532
0.007852
0.049386
0.013008
0.019579
0.009361
0.014450
0.022126
0.007477
0.026079
0.015028
0.015227
0.009053
0.006792
0.009140
0.016493
0.000794
0.000045
0.019447
0.034372
0.005185
0.042965
0.004736
0.005558
0.014366
0.043728
0.033406
0.015461
0.014722
0.000911
0.020429
0.014812
0.007037
0.068018
0.000674
0.011457
0.010120
0.009469
0.018833
0.005114
0.025524
0.007059
0.004198
0.009260
0.014311
0.022664
0.009969
0.003516
0.007456
0.010550
0.018863
0.052277
0.051896
0.003749
0.020147
0.007158
0.083560
0.001719
0.018750
0.100732
0.063029
0.037193
0.010874
0.040293
0.008085
0.003172
0.029605
0.008362
0.002596
0.045693
0.005869
0.009729
0.000214
0.011005
0.015058
0.007321
0.075058
0.094891
0.084832
0.033916
0.034894
0.014955
0.022722
0.006052
0.008001
0.017481
0.013606
0.019601
0.005578
0.022817
0.051376
0.006503
0.007851
0.010227
0.011181
0.046930
0.012233
0.017805
0.008745
0.024586
0.000604
0.018986
0.013959
0.010510
0.036746
0.006742
0.001704
0.031738
0.002136
0.007168
0.050992
0.036289
0.025377
0.060315
0.019609
0.005323
0.020260
0.025228
0.013067
0.008470
0.021084
0.028755
0.019119
0.028769
0.061298
0.024436
0.004658
0.022829
0.036470
0.031903
0.004125
0.034280
0.005616
0.000142
0.024560
0.006737
0.005438
0.030351
0.014876
0.001454
0.014482
0.014975
0.011773
0.036409
0.056930
0.000250
0.013827
0.118200
0.007099
0.043169
0.039499
0.007488
0.035059
0.002324
0.001969
0.015131
0.010189
0.014638
0.012437
0.000756
0.041861
0.096063
0.053703
0.023161
0.027279
0.026378
0.014871
0.027140
0.009990
0.017392
0.046169
0.028892
0.002949
0.007266
0.018034
0.031993
0.008410
0.031253
0.018176
0.010531
0.000017
0.003197
0.049369
0.003269
0.017860
0.005176
0.050735
0.010711
0.004461
0.002161
0.006579
0.012416
0.001825
0.002413
0.014304
0.002164
0.038060
0.035238
0.025407
0.006853
0.031346
0.026624
0.010496
0.012462
0.006000
0.000233
0.014223
0.001292
0.018864
0.004133
0.012776
0.003772
0.020341
0.007491
0.000544
0.004721
0.001416
0.010983
0.110353
0.037505
0.001843
0.011547
0.045175
0.007642
0.032288
0.020961
0.038061
0.015621
0.002617
0.023329
0.001822
0.003428
0.003475
0.013623
0.015986
0.030412
0.020364
0.026668
0.017223
0.028698
0.006770
0.028178
0.052750
0.008413
0.012322
0.076274
0.016306
0.018746
0.005635
0.026703
0.009817
0.018236
0.001303
0.032774
0.007937
0.019527
0.016964
0.014907
0.003921
0.007913
0.008612
0.002322
0.009532
0.007771
0.011490
0.022599
0.017769
0.004717
0.015956
0.010729
0.011823
0.041692
0.003093
0.042496
0.000155
0.102333
0.043406
0.041761
0.014349
0.005413
0.022918
0.003073
0.059502
0.007907
0.009124
0.004675
0.037905
0.004688
0.014129
0.003805
0.008186
0.011920
0.019398
0.019207
0.000992
0.015457
0.042418
0.007653
0.056858
0.023002
0.020868
0.021159
0.001838
0.001373
0.004552
0.020060
0.123350
0.001977
0.000757
0.027249
0.001891
0.022439
0.007142
0.018799
0.055928
0.037585
0.014867
0.003069
0.095815
0.023196
0.024361
0.035400
0.015301
0.023483
0.005977
0.004727
0.040965
0.037221
0.058057
0.033682
0.018351
0.060459
0.001620
0.036959
0.010061
0.001927
0.028077
0.006719
0.011586
0.017919
0.015038
0.028368
0.024158
0.007655
0.013167
0.000242
0.015289
0.004613
0.006838
0.038755
0.012878
0.002455
0.006199
0.016462
0.067636
0.017045
0.032201
0.015402
0.007398
0.064877
0.072209
0.060144
0.032585
0.063674
0.070812
0.002390
0.000558
0.002080
0.008535
0.005273
0.003926
0.051018
0.044920
0.000920
0.002364
0.006157
0.017793
0.003237
0.011312
0.006374
0.020451
0.009335
0.009208
0.030773
0.008134
0.037501
0.000494
0.009277
0.001942
0.001801
0.020698
0.003684
0.001354
0.032231
0.006459
0.008716
0.017802
0.007697
0.013581
0.001251
0.027455
0.000427
0.005042
0.004346
0.002497
0.042026
0.005117
0.009499
0.005065
0.036124
0.107685
0.006912
0.038549
0.011680
0.051802
0.026276
0.025034
0.002153
0.009332
0.002289
0.003601
0.000271
0.013916
0.000038
0.007178
0.040133
0.010833
0.022314
0.004930
0.002799
0.026757
0.006893
0.000298
0.007832
0.042982
0.007489
0.041319
0.009015
0.004910
0.006734
0.004753
0.018999
0.030734
0.002222
0.010668
0.016884
0.020419
0.019536
0.047433
0.023362
0.085288
0.014809
0.008447
0.005963
0.008951
0.033203
0.015822
0.009295
0.063873
0.002512
0.003555
0.045133
0.044569
0.020592
0.009455
0.000879
0.024412
0.054802
0.002831
0.007526
0.023994
0.008346
0.020806
0.029537
0.024972
0.006296
0.001950
0.000684
0.007552
0.020287
0.078141
0.036466
0.106338
0.004177
0.004776
0.015256
0.007120
0.042596
0.020059
0.004275
0.007402
0.002461
0.031640
0.028385
0.008116
0.001924
0.010782
0.025365
0.007423
0.006153
0.001312
0.006940
0.005231
0.021658
0.046996
0.016384
0.043038
0.003258
0.038679
0.036163
0.046538
0.015291
0.022540
0.003862
0.034109
0.008129
0.016209
0.006953
0.020437
0.004085
0.004564
0.014526
0.013253
0.042597
0.023813
0.018588
0.024833
0.026268
0.048214
0.035386
0.040574
0.031463
0.002221
0.019003
0.031233
0.002870
0.015739
0.002517
0.020203
0.032326
0.000058
0.019320
0.032091
0.002786
0.011854
0.015633
0.003781
0.000375
0.012475
0.024395
0.137206
0.021040
0.030577
0.018225
0.012936
0.009733
0.057347
0.001691
0.054754
0.015881
0.041383
0.005163
0.010949
0.012600
0.060943
0.008965
0.018521
0.008066
0.011612
0.018588
0.018427
0.002010
0.102084
0.001239
0.010329
0.059538
0.013488
0.001673
0.059404
0.072858
0.005683
0.026138
0.008499
0.004200
0.028261
0.037394
0.024030
0.008247
0.011411
0.014489
0.002669
0.064568
0.004388
0.099632
0.079275
0.015170
0.015267
0.008318
0.002982
0.020821
0.022361
0.003090
0.020227
0.016668
0.017318
0.007392
0.014622
0.007231
0.001099
0.012131
0.007734
0.026111
0.011972
0.001456
0.004623
0.019050
0.036837
0.010524
0.007164
0.028986
0.020512
0.002164
0.021791
0.001185
0.019315
0.019114
0.001060
0.017096
0.001645
0.002803
0.001505
0.004630
0.018039
0.017361
0.002176
0.017784
0.032386
0.010556
0.003934
0.006014
0.054315
0.007523
0.025638
0.017404
0.049488
0.002898
0.013369
0.027281
0.013054
0.004869
0.004287
0.003574
0.004355
0.021715
0.005344
0.007478
0.025659
0.013650
0.009630
0.027239
0.080677
0.000792
0.008773
0.037229
0.032272
0.003435
0.018541
0.005587
0.044713
0.002680
0.019064
0.009031
0.000382
0.013278
0.035940
0.015474
0.022550
0.003011
0.017716
0.007451
0.012219
0.048643
0.005532
0.004399
0.061071
0.042113
0.023339
0.022125
0.059720
0.024611
0.011134
0.017120
0.057294
0.002718
0.005099
0.004536
0.003085
0.075376
0.014331
0.008373
0.008456
0.053652
0.009638
0.048600
0.054229
0.008014
0.016570
0.009400
0.001864
0.000633
0.008168
0.031456
0.020732
0.050052
0.004967
0.000434
0.001037
0.002334
0.004608
0.005502
0.015808
0.002577
0.020345
0.031318
0.047812
0.005065
0.002555
0.019329
0.023107
0.011904
0.011346
0.013101
0.001925
0.002251
0.005378
0.012184
0.018380
0.011389
0.002344
0.018367
0.021619
0.012786
0.031827
0.011614
0.001156
0.009826
0.018334
0.001489
0.037293
0.033648
0.003293
0.016873
0.002098
0.007045
0.048251
0.024750
0.001605
0.046154
0.025888
0.005633
0.033532
0.020489
0.012944
0.000323
0.018956
0.019826
0.004152
0.007616
0.004569
0.006764
0.038788
0.013873
0.006085
0.065221
0.007546
0.005725
0.017454
0.005819
0.003308
0.016209
0.000219
0.040171
0.003805
0.003434
0.008262
0.018759
0.004682
0.037371
0.039097
0.019028
0.000991
0.050240
0.036381
0.008194
0.000516
0.089814
0.038336
0.034463
0.013697
0.006617
0.002617
0.002303
0.014002
0.002179
0.052921
0.020089
0.012183
0.008561
0.064453
0.003515
0.034053
0.012460
0.009040
0.051223
0.003670
0.020168
0.008089
0.003803
0.059458
0.001997
0.083058
0.000432
0.005329
0.006007
0.010324
0.001463
0.020075
0.005631
0.020017
0.017336
0.024115
0.047534
0.047068
0.038312
0.105545
0.003269
0.083258
0.012916
0.001638
0.000728
0.012293
0.014318
0.040317
0.013291
0.001901
0.000470
0.006333
0.012684
0.008737
0.032228
0.016230
0.001828
0.008479
0.007859
0.029098
0.019839
0.033279
0.002337
0.005216
0.009659
0.004938
0.028190
0.005237
0.013549
0.004268
0.006391
0.011732
0.004024
0.079652
0.003821
0.004982
0.025589
0.008590
0.013576
0.029139
0.025858
0.014405
0.006312
0.043493
0.034895
0.023358
0.044412
0.005343
0.005037
0.003889
0.000166
0.008910
0.003727
0.021978
0.013656
0.043102
0.026414
0.007173
0.016117
0.035724
0.002153
0.019068
0.035215
0.033333
0.012323
0.025877
0.003323
0.005491
0.001197
0.001915
0.000492
0.006345
0.012412
0.007333
0.000392
0.020621
0.019487
0.040186
0.011949
0.005921
0.021076
0.043446
0.007993
0.067451
0.030871
0.017071
0.001116
0.080747
0.009643
0.014071
0.015163
0.016509
0.014166
0.047630
0.027510
0.007410
0.000831
0.007703
0.018433
0.024327
0.025089
0.041966
0.024844
0.008579
0.017488
0.007754
0.016549
0.012022
0.015975
0.003885
0.070373
0.034849
0.006842
0.004039
0.010235
0.028397
0.043391
0.009524
0.006215
0.002344
0.003629
0.122824
0.029887
0.013494
0.007252
0.007184
0.004999
0.007208
0.020026
0.016791
0.013568
0.012276
0.005541
0.004746
0.000849
0.005739
0.003691
0.023083
0.019052
0.011703
0.010689
0.003105
0.011050
0.006570
0.028147
0.000071
0.000913
0.005415
0.001410
0.003898
0.012047
0.003100
0.020456
0.017643
0.016946
0.020534
0.028907
0.025020
0.008178
0.013074
0.033875
0.013256
0.013953
0.016998
0.036941
0.031225
0.002493
0.011715
0.020431
0.030878
0.039964
0.000580
0.005782
0.007036
0.012789
0.003112
0.012406
0.013953
0.030296
0.001811
0.008302
0.007056
0.020819
0.004246
0.004085
0.008256
0.008855
0.001121
0.069703
0.007601
0.004528
0.006615
0.036343
0.011773
0.001914
0.000906
0.014600
0.018357
0.040559
0.022880
0.005792
0.005749
0.004140
0.032148
0.002737
0.011211
0.012074
0.030767
0.015973
0.003949
0.094079
0.005662
0.018101
0.008661
0.020180
0.018667
0.036760
0.012754
0.004947
0.061642
0.022437
0.013699
0.034275
0.008986
0.025169
0.000179
0.010526
0.012354
0.000661
0.040402
0.079492
0.034774
0.093037
0.124226
0.091819
0.030666
0.022056
0.007308
0.012487
0.015038
0.052859
0.022208
0.022549
0.059650
0.016892
0.004225
0.069413
0.000826
0.012494
0.013855
0.005500
0.042234
0.012995
0.008373
0.004176
0.021101
0.005485
0.011450
0.006049
0.020452
0.034124
0.001188
0.034703
0.012975
0.010082
0.000158
0.007407
0.038919
0.007146
0.000683
0.008900
0.051936
0.005001
0.066775
0.024710
0.019373
0.006206
0.044474
0.045245
0.006914
0.020302
0.004043
0.004833
0.018243
0.021778
0.014270
0.000406
0.008199
0.048335
0.009864
0.010297
0.000480
0.003838
0.039736
0.017920
0.028104
0.002596
0.030425
0.019635
0.021215
0.014284
0.006807
0.026026
0.027227
0.008277
0.004586
0.020343
0.000322
0.003365
0.033194
0.012965
0.014304
0.023734
0.005902
0.018603
0.003257
0.006973
0.010502
0.028598
0.034633
0.000377
0.015252
0.003031
0.043569
0.027243
0.006865
0.004535
0.014523
0.006685
0.060011
0.001279
0.027519
0.000275
0.003747
0.056633
0.001589
0.050758
0.037876
0.030827
0.000730
0.078279
0.031208
0.014068
0.001533
0.025299
0.024550
0.024101
0.028347
0.003592
0.000837
0.022732
0.019050
0.015688
0.001723
0.011019
0.038269
0.004922
0.015570
0.006853
0.027776
0.040371
0.008384
0.004492
0.000815
0.008035
0.022747
0.007247
0.003885
0.009044
0.017772
0.005018
0.045429
0.008367
0.060385
0.037476
0.015403
0.015530
0.007950
0.000280
0.096104
0.028395
0.000739
0.026587
0.006658
0.007521
0.006151
0.023381
0.026811
0.003239
0.002403
0.006678
0.023487
0.016796
0.002596
0.011856
0.019394
0.020055
0.003005
0.091646
0.018682
0.003092
0.009283
0.027265
0.001741
0.019833
0.002189
0.030659
0.033714
0.027515
0.002233
0.027189
0.016167
0.016516
0.007280
0.020983
0.002970
0.033853
0.022195
0.019588
0.016849
0.001842
0.022647
0.008310
0.035480
0.039798
0.019528
0.060954
0.060710
0.002316
0.001037
0.006234
0.004372
0.023269
0.009343
0.063469
0.045925
0.070617
0.008436
0.008906
0.000247
0.022200
0.000633
0.068012
0.014649
0.012497
0.000903
0.047968
0.002138
0.008158
0.002888
0.022235
0.015084
0.000492
0.005949
0.009364
0.046145
0.060293
0.053197
0.016122
0.019170
0.020209
0.004270
0.006696
0.066116
0.002645
0.001075
0.003184
0.010709
0.004232
0.006942
0.000742
0.011654
0.010208
0.008420
0.009609
0.003171
0.007739
0.000318
0.002874
0.025900
0.003915
0.022323
0.000825
0.000256
0.022471
0.001067
0.001270
0.042685
0.029405
0.002268
0.052920
0.015874
0.059760
0.026939
0.038385
0.004607
0.000070
0.001423
0.009710
0.026929
0.052955
0.030107
0.007473
0.029197
0.028560
0.017031
0.014982
0.052276
0.022239
0.023851
0.001455
0.083087
0.005644
0.002718
0.019320
0.042282
0.017023
0.013973
0.029444
0.000603
0.001555
0.004008
0.010815
0.042566
0.011102
0.017845
0.020733
0.012919
0.068811
0.009071
0.014037
0.000990
0.015383
0.048720
0.014199
0.036248
0.008473
0.012651
0.021230
0.020110
0.036393
0.004884
0.021275
0.000086
0.053618
0.017725
0.003740
0.017124
0.061067
0.009504
0.024563
0.030983
0.006376
0.011724
0.004111
0.000183
0.006617
0.021984
0.011857
0.005433
0.017218
0.003562
0.001802
0.119919
0.104216
0.105887
0.057119
0.027827
0.012982
0.004012
0.029195
0.007467
0.039431
0.007175
0.005309
0.004706
0.004763
0.008180
0.002052
0.011353
0.029040
0.007920
0.029555
0.019581
0.050987
0.002313
0.001963
0.015262
0.010896
0.019287
0.042180
0.017130
0.004541
0.040496
0.034931
0.015005
0.019383
0.024348
0.015961
0.043712
0.005962
0.013572
0.019234
0.004658
0.015485
0.009341
0.006841
0.007006
0.002503
0.057949
0.017473
0.000783
0.031212
0.012586
0.019370
0.011968
0.000814
0.000498
0.028248
0.003359
0.015114
0.013117
0.000886
0.027404
0.000588
0.004313
0.016306
0.018902
0.016782
0.034523
0.025074
0.025013
0.037962
0.009550
0.025218
0.035658
0.031314
0.002173
0.014217
0.004133
0.010167
0.024645
0.018543
0.004025
0.013885
0.009534
0.008356
0.016399
0.005631
0.007328
0.017714
0.026682
0.001186
0.015228
0.028111
0.020528
0.009585
0.001475
0.009221
0.019414
0.008910
0.012151
0.011675
0.012889
0.032068
0.011237
0.007762
0.079086
0.039067
0.009001
0.010002
0.001050
0.018338
0.004008
0.037356
0.081312
0.049320
0.001858
0.002059
0.028259
0.024552
0.009010
0.024546
0.056227
0.049672
0.007607
0.021431
0.001713
0.009988
0.021807
0.010014
0.006845
0.002393
0.070683
0.055337
0.082251
0.076202
0.020894
0.012485
0.019500
0.037067
0.029661
0.010447
0.006899
0.000206
0.006973
0.026599
0.015611
0.024197
0.015013
0.029322
0.029719
0.020389
0.033049
0.023471
0.019407
0.024945
0.021978
0.002161
0.001694
0.014695
0.012111
0.067928
0.022980
0.021645
0.053068
0.012981
0.014041
0.021066
0.007046
0.001736
0.012568
0.004654
0.011640
0.029911
0.018605
0.017564
0.007884
0.055516
0.001468
0.053949
0.076124
0.009943
0.018108
0.000293
0.014621
0.001928
0.024653
0.013138
0.008961
0.003342
0.060334
0.006562
0.002632
0.002792
0.019984
0.021602
0.004476
0.002660
0.041311
0.002952
0.002939
0.059598
0.036234
0.013194
0.007760
0.012921
0.053100
0.003696
0.017614
0.014666
0.028472
0.025469
0.037806
0.008975
0.012508
0.013121
0.019537
0.008404
0.008190
0.039695
0.001963
0.022147
0.005566
0.007155
0.017016
0.024340
0.000015
0.012417
0.040949
0.021184
0.040281
0.013414
0.002352
0.002495
0.022004
0.000302
0.043285
0.005477
0.004562
0.014546
0.023847
0.001313
0.055142
0.001416
0.047197
0.036753
0.040366
0.016226
0.013866
0.050526
0.044152
0.000779
0.002189
0.006548
0.028036
0.021997
0.001068
0.006801
0.007289
0.004185
0.006990
0.001315
0.018126
0.001956
0.000665
0.007317
0.018116
0.031317
0.006849
0.014573
0.012901
0.001768
0.002811
0.000487
0.044803
0.004504
0.002233
0.026803
0.014908
0.011330
0.029697
0.022316
0.000506
0.046867
0.005718
0.007256
0.015604
0.013179
0.057396
0.017770
0.015805
0.022547
0.001535
0.004052
0.011494
0.010662
0.044551
0.029895
0.000770
0.021954
0.002767
0.016316
0.032557
0.024148
0.017904
0.002162
0.005207
0.012081
0.020723
0.025683
0.011724
0.001655
0.007807
0.006123
0.017915
0.003841
0.016717
0.038266
0.047916
0.023412
0.069821
0.011418
0.055219
0.016938
0.000716
0.041776
0.000182
0.000786
0.003257
0.016539
0.001492
0.004257
0.014158
0.008094
0.007921
0.047069
0.010257
0.005652
0.028481
0.007957
0.001040
0.004814
0.038255
0.003824
0.006347
0.001224
0.030947
0.005964
0.008765
0.029480
0.009573
0.001023
0.001239
0.046332
0.046053
0.005422
0.006263
0.011173
0.002821
0.031481
0.018202
0.009963
0.041873
0.020117
0.045923
0.016041
0.004816
0.004154
0.003249
0.003532
0.017308
0.000224
0.095079
0.092444
0.005407
0.004419
0.000192
0.003779
0.117610
0.098615
0.002984
0.021780
0.016320
0.004412
0.015547
0.002813
0.003557
0.028946
0.011712
0.043204
0.058665
0.019474
0.005788
0.029569
0.008736
0.002018
0.006015
0.024355
0.020126
0.033861
0.063378
0.052715
0.000684
0.018736
0.004384
0.001484
0.007887
0.008688
0.002828
0.013615
0.033608
0.008515
0.022402
0.002609
0.042596
0.023880
0.011067
0.011121
0.021397
0.001197
0.005795
0.000641
0.032396
0.018338
0.008021
0.012448
0.028700
0.007896
0.000342
0.000581
0.000382
0.035490
0.044395
0.030505
0.020610
0.028083
0.020608
0.000358
0.002672
0.018409
0.015059
0.022175
0.004192
0.068862
0.038770
0.014614
0.028300
0.031271
0.037720
0.044028
0.019135
0.022490
0.011027
0.009267
0.007992
0.016329
0.008634
0.003514
0.019361
0.050173
0.030897
0.011743
0.014247
0.000196
0.006507
0.020194
0.007205
0.088124
0.001719
0.017609
0.036666
0.021498
0.008687
0.001864
0.005268
0.018007
0.012971
0.011221
0.004577
0.005626
0.017690
0.007555
0.013229
0.001053
0.029419
0.005422
0.009369
0.001992
0.001550
0.015984
0.023913
0.020510
0.014811
0.026052
0.017141
0.035010
0.022098
0.014957
0.001455
0.013804
0.011117
0.000029
0.000039
0.125647
0.050396
0.053980
0.008341
0.011759
0.015795
0.004890
0.005847
0.014809
0.037757
0.006581
0.000834
0.005438
0.019892
0.020116
0.001369
0.013803
0.012456
0.004183
0.000567
0.002190
0.009362
0.008444
0.019506
0.018203
0.046365
0.046665
0.028881
0.008105
0.023338
0.016794
0.006847
0.029291
0.088270
0.059193
0.044491
0.025655
0.000845
0.004902
0.072756
0.031716
0.001434
0.002303
0.000588
0.003067
0.018448
0.009415
0.025595
0.007337
0.039029
0.024164
0.034892
0.015344
0.026585
0.014026
0.008022
0.008353
0.000558
0.058664
0.011980
0.004734
0.002014
0.017774
0.026144
0.019870
0.013202
0.023654
0.008558
0.005327
0.060981
0.015039
0.019883
0.062861
0.028654
0.037050
0.035905
0.008668
0.015161
0.121626
0.036376
0.002731
0.000567
0.015250
0.021218
0.001209
0.006607
0.004550
0.018590
0.033596
0.008094
0.017755
0.013816
0.018616
0.001789
0.043110
0.016142
0.008590
0.000380
0.000244
0.029430
0.006325
0.017311
0.000761
0.033762
0.019365
0.008236
0.008043
0.043262
0.005954
0.014347
0.026886
0.027262
0.026158
0.018359
0.076057
0.006590
0.049827
0.047385
0.003173
0.020307
0.015562
0.010869
0.016023
0.012801
0.030870
0.009581
0.002880
0.005834
0.007321
0.014490
0.007327
0.003470
0.025596
0.012960
0.006703
0.007340
0.005241
0.015266
0.002966
0.040043
0.067515
0.045498
0.023563
0.021616
0.001962
0.032020
0.000222
0.023956
0.004430
0.028916
0.032420
0.038146
0.032336
0.002215
0.006362
0.024044
0.025886
0.099908
0.075328
0.015457
0.001660
0.012063
0.001493
0.004334
0.014927
0.010702
0.021344
0.003477
0.046148
0.063563
0.016069
0.026126
0.007781
0.006233
0.019624
0.008051
0.000134
0.011765
0.009592
0.004581
0.023131
0.006707
0.010819
0.049082
0.018627
0.010669
0.054711
0.044798
0.003995
0.002023
0.042107
0.010976
0.017892
0.023090
0.024150
0.072696
0.014883
0.006183
0.006047
0.020904
0.015090
0.006084
0.022643
0.023497
0.015492
0.014782
0.001921
0.003267
0.001806
0.001279
0.019735
0.006779
0.068253
0.002466
0.070940
0.009170
0.005225
0.023736
0.012774
0.013432
0.018695
0.003949
0.012143
0.003018
0.018042
0.008525
0.019291
0.015910
0.020113
0.031000
0.052820
0.008884
0.030431
0.009279
0.007853
0.004761
0.006038
0.019064
0.008156
0.009094
0.002757
0.008824
0.000340
0.025818
0.007053
0.003340
0.003429
0.014531
0.024478
0.014119
0.018273
0.074353
0.057302
0.071434
0.040312
0.003421
0.015169
0.006490
0.061647
0.031155
0.015742
0.001182
0.005985
0.001664
0.001171
0.017352
0.001300
0.082305
0.042731
0.033665
0.011150
0.002607
0.026813
0.009321
0.013540
0.015666
0.028189
0.016213
0.012317
0.021959
0.031482
0.021469
0.019783
0.014106
0.004118
0.010863
0.037342
0.004965
0.018857
0.023300
0.015822
0.000454
0.000644
0.082334
0.018345
0.035208
0.012177
0.005325
0.001322
0.060702
0.000004
0.008477
0.003506
0.026937
0.000664
0.008611
0.041167
0.036133
0.021505
0.028030
0.002868
0.040559
0.007525
0.005135
0.002961
0.024510
0.001086
0.029517
0.023128
0.007579
0.031639
0.027970
0.059189
0.016376
0.025161
0.018230
0.001752
0.059323
0.054136
0.000918
0.029954
0.008016
0.046885
0.039668
0.014372
0.041141
0.030184
0.030868
0.019751
0.019618
0.000737
0.010011
0.004574
0.000932
0.003257
0.013752
0.021407
0.010042
0.008725
0.013352
0.023414
0.022746
0.030828
0.014037
0.044449
0.023237
0.002037
0.005191
0.013932
0.065028
0.054797
0.046334
0.021808
0.017334
0.010904
0.004808
0.009615
0.008748
0.018909
0.011565
0.001033
0.004102
0.022276
0.009607
0.003240
0.008293
0.023606
0.001611
0.001300
0.020528
0.008997
0.006938
0.010694
0.033067
0.001293
0.059580
0.003036
0.006052
0.006970
0.009129
0.013915
0.009077
0.003909
0.002620
0.010696
0.010588
0.021632
0.004891
0.004926
0.007374
0.000418
0.024558
0.006419
0.022073
0.003821
0.042294
0.037737
0.004926
0.065491
0.007410
0.026390
0.018847
0.007152
0.003356
0.007240
0.011135
0.030970
0.033000
0.022695
0.027201
0.006299
0.033650
0.010840
0.002732
0.039291
0.000753
0.008318
0.000261
0.013531
0.088070
0.037505
0.002109
0.017419
0.020614
0.015622
0.009533
0.007064
0.006838
0.000254
0.007963
0.054831
0.016064
0.050511
0.010570
0.004030
0.006559
0.000597
0.014817
0.077961
0.001440
0.003956
0.002554
0.023031
0.018194
0.008650
0.019164
0.013744
0.008524
0.014042
0.039668
0.014775
0.008345
0.005622
0.007532
0.020118
0.067412
0.014901
0.033895
0.018888
0.006412
0.000692
0.018410
0.010099
0.039869
0.013154
0.008258
0.007342
0.007932
0.075897
0.008357
0.006952
0.018689
0.117029
0.007564
0.196433
0.038795
0.003367
0.025116
0.054417
0.000813
0.026635
0.003242
0.002883
0.004171
0.008292
0.036430
0.018058
0.000023
0.011746
0.027695
0.011168
0.026477
0.013255
0.005177
0.043058
0.004880
0.006357
0.020647
0.010177
0.013625
0.007660
0.008823
0.005129
0.001299
0.005604
0.054127
0.008029
0.016846
0.010398
0.004872
0.015155
0.005800
0.018204
0.007609
0.010303
0.014554
0.010902
0.029861
0.032103
0.026496
0.003481
0.004703
0.031108
0.037169
0.042334
0.018195
0.020754
0.010736
0.017261
0.022176
0.026373
0.006612
0.117029
0.080480
0.076214
0.055816
0.035423
0.015036
0.021066
0.001819
0.013009
0.003332
0.012625
0.011991
0.010650
0.008273
0.005375
0.006526
0.013985
0.013974
0.007969
0.012469
0.030481
0.011447
0.013775
0.000291
0.010555
0.010715
0.025676
0.015561
0.021376
0.000241
0.069535
0.033111
0.034027
0.045870
0.043035
0.003073
0.009605
0.000791
0.020115
0.015686
0.012572
0.034295
0.019692
0.008091
0.005727
0.010680
0.005115
0.014428
0.001373
0.017785
0.000588
0.022135
0.038142
0.086478
0.002644
0.039484
0.001632
0.017641
0.043201
0.034089
0.058019
0.011611
0.016069
0.006833
0.020534
0.005301
0.013107
0.030376
0.006559
0.015536
0.024258
0.006506
0.005131
0.030704
0.016333
0.034486
0.049807
0.041379
0.026515
0.008413
0.008603
0.060391
0.011631
0.002572
0.018422
0.016963
0.055913
0.008210
0.016445
0.007136
0.020028
0.001780
0.020009
0.002240
0.029289
0.024160
0.011323
0.050537
0.011032
0.006053
0.020464
0.013152
0.001047
0.030986
0.008209
0.036905
0.070699
0.002656
0.000005
0.032303
0.002477
0.002279
0.011229
0.020761
0.064281
0.029995
0.014049
0.006255
0.000451
0.017384
0.009627
0.006318
0.003236
0.003796
0.021959
0.020383
0.011193
0.061096
0.006059
0.000023
0.014455
0.004216
0.009165
0.013316
0.016133
0.042015
0.008058
0.000997
0.021975
0.020605
0.029900
0.029418
0.016514
0.009396
0.002079
0.001896
0.019006
0.055900
0.070861
0.007410
0.003274
0.000623
0.027027
0.006080
0.030491
0.007519
0.026949
0.017457
0.028463
0.005191
0.010748
0.010971
0.025210
0.011436
0.001839
0.011857
0.062467
0.016453
0.032321
0.021566
0.023338
0.002587
0.009057
0.002722
0.000234
0.000789
0.038599
0.036531
0.007372
0.001703
0.034095
0.005140
0.045037
0.006793
0.019339
0.002544
0.080797
0.028719
0.031815
0.020632
0.028985
0.000615
0.002611
0.012586
0.026735
0.020603
0.003452
0.014065
0.019703
0.017686
0.002435
0.006631
0.021983
0.011686
0.016247
0.006961
0.020100
0.003190
0.000668
0.031229
0.014667
0.061651
0.045013
0.029515
0.016046
0.007272
0.027245
0.023069
0.008338
0.029739
0.014839
0.002589
0.038255
0.001090
0.013916
0.018513
0.001076
0.023112
0.025314
0.001482
0.030948
0.003210
0.021734
0.022460
0.000374
0.036395
0.057138
0.000330
0.014636
0.001609
0.018948
0.001299
0.022464
0.016237
0.004183
0.135902
0.076964
0.005257
0.017495
0.002485
0.003879
0.003689
0.009418
0.026877
0.000374
0.006287
0.013998
0.016929
0.009843
0.027366
0.011735
0.026877
0.008578
0.008351
0.036818
0.006971
0.035890
0.025898
0.032614
0.004588
0.042166
0.010123
0.011434
0.086583
0.051035
0.003832
0.011776
0.002661
0.017801
0.012359
0.009228
0.103310
0.096467
0.049183
0.084860
0.099336
0.072758
0.051440
0.030140
0.008856
0.001358
0.000871
0.019591
0.011961
0.000067
0.029970
0.011670
0.002319
0.001532
0.033071
0.003310
0.002181
0.007575
0.000033
0.000658
0.003981
0.033728
0.006303
0.004452
0.023045
0.007824
0.022109
0.001697
0.006847
0.001007
0.016046
0.065611
0.046055
0.044797
0.012349
0.026552
0.004409
0.011402
0.035289
0.095437
0.008086
0.003033
0.026457
0.003917
0.007816
0.008065
0.000665
0.001518
0.003117
0.004638
0.052143
0.020367
0.014204
0.004973
0.018740
0.022244
0.012622
0.007437
0.028591
0.010492
0.014523
0.009092
0.011713
0.007657
0.034468
0.000617
0.019349
0.013014
0.016365
0.011316
0.010370
0.020337
0.050408
0.059264
0.069231
0.029650
0.007471
0.001102
0.015480
0.035549
0.000975
0.020918
0.015773
0.008700
0.002357
0.009016
0.004752
0.046910
0.012960
0.024711
0.045221
0.020571
0.002353
0.026643
0.012444
0.001782
0.004085
0.008324
0.009279
0.002419
0.004825
0.005962
0.017052
0.002658
0.010726
0.010257
0.017934
0.015125
0.047279
0.044702
0.034762
0.041433
0.026807
0.015154
0.012568
0.056120
0.007191
0.008456
0.007139
0.019234
0.003508
0.005365
0.012504
0.021503
0.023973
0.004102
0.022620
0.020880
0.006907
0.056592
0.053814
0.002031
0.002666
0.038812
0.000910
0.010710
0.003626
0.003084
0.007589
0.018760
0.030331
0.002577
0.015901
0.005882
0.012399
0.012319
0.014727
0.051835
0.025328
0.000182
0.009913
0.008583
0.013649
0.030355
0.003407
0.029652
0.005858
0.012014
0.010396
0.006808
0.000091
0.006805
0.028020
0.046744
0.000819
0.062589
0.020880
0.040410
0.003183
0.017280
0.004252
0.031550
0.001108
0.000627
0.021675
0.011173
0.021207
0.004894
0.020300
0.018130
0.005286
0.045248
0.005569
0.008173
0.031236
0.020338
0.036974
0.054478
0.048027
0.001778
0.004756
0.009507
0.008703
0.020066
0.017424
0.024318
0.047826
0.000088
0.025520
0.009851
0.027522
0.054472
0.026809
0.001020
0.012683
0.011722
0.008763
0.001259
0.000841
0.021556
0.010993
0.000587
0.054699
0.030313
0.036791
0.020450
0.043436
0.066587
0.024320
0.017798
0.002932
0.008648
0.008007
0.003161
0.024758
0.105798
0.009671
0.010915
0.000501
0.004302
0.082687
0.001785
0.020026
0.002237
0.028962
0.022785
0.002970
0.015673
0.001461
0.008683
0.014756
0.051737
0.024736
0.062027
0.004254
0.014953
0.011872
0.039442
0.037333
0.011093
0.003504
0.000305
0.015969
0.009923
0.015116
0.027859
0.020841
0.001324
0.009287
0.024200
0.034275
0.013863
0.016615
0.033373
0.023197
0.007667
0.007285
0.036705
0.007404
0.005023
0.012391
0.029001
0.008925
0.004125
0.029117
0.056729
0.018580
0.004303
0.016611
0.021313
0.029685
0.020598
0.036095
0.015140
0.002822
0.018171
0.011601
0.004002
0.000251
0.008398
0.000705
0.081667
0.016857
0.020531
0.020481
0.000098
0.001381
0.008932
0.018626
0.007180
0.016142
0.002363
0.014317
0.002655
0.000032
0.033281
0.027674
0.006236
0.001575
0.055640
0.063156
0.005694
0.039932
0.020006
0.021577
0.022235
0.003574
0.043216
0.004192
0.002119
0.035120
0.002221
0.001279
0.009443
0.027935
0.001804
0.017047
0.026023
0.020703
0.014794
0.012821
0.034593
0.022444
0.017893
0.010114
0.070445
0.046422
0.055621
0.016673
0.092173
0.021151
0.002247
0.017635
0.018923
0.007657
0.006805
0.031794
0.003341
0.019410
0.009473
0.016615
0.060886
0.012805
0.007095
0.011146
0.036513
0.002390
0.000257
0.000193
0.052935
0.014881
0.032112
0.103736
0.012977
0.025092
0.037777
0.015942
0.019161
0.022286
0.005411
0.006008
0.038592
0.027702
0.028736
0.027301
0.005780
0.010354
0.016229
0.020371
0.027709
0.021258
0.002575
0.021646
0.055321
0.014563
0.023134
0.009604
0.000662
0.018086
0.004847
0.029020
0.004445
0.002725
0.005854
0.038003
0.030247
0.094441
0.027830
0.021953
0.013426
0.047608
0.036616
0.037113
0.011391
0.072246
0.029499
0.052792
0.051296
0.020544
0.006943
0.039492
0.012678
0.007790
0.038329
0.030820
0.000166
0.031329
0.028630
0.009476
0.007911
0.006187
0.049325
0.000906
0.053158
0.004678
0.036477
0.035037
0.005094
0.000341
0.071903
0.023099
0.010780
0.005613
0.018595
0.011098
0.000521
0.003317
0.024166
0.015613
0.029824
0.032814
0.030225
0.008777
0.000877
0.048829
0.002846
0.013718
0.034560
0.009300
0.028239
0.003166
0.053641
0.005687
0.001691
0.003564
0.005716
0.000360
0.027018
0.009534
0.014235
0.017677
0.040228
0.031845
0.004372
0.009978
0.035146
0.008780
0.018748
0.010599
0.045584
0.017117
0.009070
0.048308
0.002019
0.006847
0.046045
0.025277
0.004509
0.018899
0.040536
0.017550
0.021677
0.019731
0.025736
0.001985
0.001468
0.029265
0.001051
0.005011
0.045850
0.011410
0.000529
0.031620
0.018674
0.011426
0.001380
0.007699
0.008886
0.005130
0.000928
0.002963
0.010946
0.007646
0.000721
0.004837
0.000372
0.001615
0.007171
0.003266
0.002155
0.004624
0.007628
0.000752
0.005218
0.001942
0.010033
0.017016
0.036196
0.027838
0.056333
0.026549
0.079868
0.002339
0.033432
0.050402
0.002307
0.007082
0.034815
0.005065
0.033942
0.041354
0.032245
0.047463
0.002946
0.017043
0.005874
0.005483
0.002103
0.008514
0.004931
0.002225
0.017180
0.016595
0.002647
0.013849
0.002627
0.068106
0.008364
0.009390
0.002619
0.002031
0.007505
0.024510
0.009938
0.045841
0.029124
0.013495
0.083735
0.049926
0.044364
0.015789
0.016675
0.010228
0.004926
0.017896
0.017662
0.002693
0.007489
0.027598
0.020462
0.001088
0.008985
0.027634
0.004288
0.006735
0.067241
0.002591
0.000476
0.098551
0.025666
0.013420
0.008515
0.017209
0.007308
0.014733
0.008468
0.006511
0.012943
0.008185
0.019493
0.022522
0.009155
0.000664
0.025974
0.003614
0.007211
0.007758
0.003380
0.056495
0.004776
0.029661
0.025540
0.007243
0.005115
0.015299
0.004120
0.003682
0.006684
0.004072
0.012341
0.002705
0.012358
0.021575
0.027157
0.011140
0.031255
0.034823
0.027705
0.006855
0.006993
0.013183
0.004915
0.035922
0.000811
0.016984
0.003794
0.026270
0.038432
0.011412
0.042890
0.006660
0.023449
0.016902
0.003011
0.015475
0.000581
0.002959
0.017187
0.006219
0.006840
0.006661
0.000926
0.017788
0.004970
0.042576
0.006402
0.020850
0.010382
0.013850
0.007040
0.003932
0.007440
0.005737
0.019294
0.000364
0.003515
0.011238
0.013297
0.103168
0.010366
0.016109
0.019323
0.021350
0.006645
0.021734
0.010675
0.010833
0.024855
0.011680
0.003740
0.048905
0.047883
0.005897
0.004655
0.042709
0.024939
0.033550
0.018346
0.009450
0.014818
0.023916
0.010101
0.000398
0.009466
0.003721
0.013992
0.014278
0.012054
0.001076
0.001648
0.000053
0.005788
0.015469
0.073422
0.035928
0.033823
0.034194
0.043102
0.036895
0.001319
0.021411
0.011751
0.021193
0.039489
0.003908
0.004992
0.023419
0.003601
0.019472
0.006693
0.121140
0.006799
0.033428
0.005599
0.001390
0.002309
0.001009
0.006085
0.003869
0.018821
0.012668
0.000594
0.002377
0.010640
0.013890
0.005355
0.029718
0.014411
0.001320
0.017217
0.076754
0.018503
0.004685
0.024055
0.021631
0.013195
0.009128
0.001566
0.000497
0.010910
0.009663
0.011372
0.002177
0.016350
0.012967
0.027392
0.002449
0.034297
0.050240
0.000829
0.040926
0.034271
0.016979
0.004522
0.052479
0.023385
0.032380
0.014143
0.028776
0.026507
0.019490
0.007719
0.004644
0.006388
0.026890
0.067640
0.115253
0.051815
0.010868
0.013095
0.001203
0.038041
0.019534
0.001324
0.017415
0.000115
0.017879
0.009710
0.004357
0.020428
0.002248
0.024154
0.007311
0.010583
0.021784
0.005306
0.006936
0.019250
0.001336
0.020054
0.007060
0.006238
0.001651
0.020509
0.004751
0.008742
0.004718
0.087278
0.056539
0.028483
0.052709
0.079305
0.006438
0.038351
0.017879
0.012836
0.025421
0.062082
0.007232
0.006385
0.017651
0.010804
0.003003
0.060377
0.010651
0.058525
0.035538
0.012793
0.007354
0.013279
0.002556
0.004505
0.002720
0.042300
0.018825
0.040355
0.006769
0.012571
0.028470
0.006618
0.027358
0.050139
0.016341
0.028038
0.019069
0.017657
0.004555
0.005861
0.012977
0.012010
0.000148
0.032522
0.036992
0.027012
0.013050
0.003092
0.009815
0.001431
0.029258
0.001370
0.007535
0.007983
0.002127
0.014449
0.005313
0.021981
0.038973
0.000905
0.010331
0.002167
0.036591
0.003305
0.005640
0.002072
0.006698
0.036657
0.002923
0.100411
0.042804
0.013815
0.043851
0.025445
0.007364
0.006079
0.025725
0.081037
0.004694
0.011085
0.021698
0.002023
0.011617
0.034981
0.030206
0.077222
0.008702
0.023124
0.046102
0.002435
0.013389
0.060425
0.040245
0.011690
0.002565
0.017583
0.012828
0.013238
0.016611
0.069013
0.016227
0.022299
0.006119
0.011400
0.022585
0.000029
0.000047
0.006325
0.006616
0.004481
0.017585
0.025061
0.016220
0.055740
0.026941
0.016919
0.056084
0.035095
0.014109
0.015512
0.018449
0.022627
0.016216
0.003573
0.035247
0.010332
0.006580
0.009760
0.028982
0.010559
0.009025
0.018082
0.006122
0.002291
0.004024
0.002484
0.000220
0.060435
0.015185
0.006131
0.030098
0.006349
0.014663
0.020917
0.014714
0.046349
0.001357
0.003929
0.013205
0.007507
0.010915
0.021577
0.002730
0.021291
0.035321
0.085177
0.007239
0.000198
0.004090
0.001474
0.022537
0.013316
0.027192
0.000453
0.005999
0.010290
0.001392
0.019454
0.004691
0.014256
0.004223
0.010642
0.028695
0.031243
0.032481
0.019569
0.012428
0.001675
0.003456
0.005171
0.050718
0.010754
0.004659
0.009727
0.011200
0.001179
0.007682
0.006804
0.026931
0.009796
0.016796
0.041924
0.031782
0.005298
0.001266
0.003889
0.014378
0.013988
0.007883
0.007764
0.056689
0.016174
0.033160
0.008982
0.000614
0.002649
0.012996
0.031159
0.008686
0.052986
0.001928
0.011213
0.033480
0.056547
0.004848
0.031235
0.014405
0.017952
0.023275
0.026351
0.016279
0.049946
0.007093
0.039182
0.042072
0.012442
0.037778
0.027372
0.006215
0.001694
0.086033
0.003385
0.001564
0.133061
0.122806
0.120523
0.016454
0.008158
0.038347
0.032500
0.013315
0.014935
0.024358
0.010547
0.000856
0.010026
0.001449
0.000983
0.016220
0.032453
0.006394
0.007734
0.010629
0.015385
0.011941
0.029974
0.015248
0.003374
0.095263
0.026323
0.037363
0.115390
0.005466
0.033770
0.025009
0.019255
0.039183
0.040857
0.023647
0.007246
0.012466
0.000592
0.033858
0.024346
0.035152
0.014877
0.020890
0.002156
0.018364
0.027031
0.004924
0.011854
0.000718
0.016993
0.004842
0.000281
0.000999
0.003664
0.017050
0.004968
0.014280
0.008347
0.008639
0.081494
0.017952
0.030622
0.006510
0.014108
0.014375
0.011635
0.062077
0.018973
0.002850
0.002711
0.014695
0.000808
0.009082
0.046511
0.000999
0.001460
0.076433
0.004820
0.013430
0.000508
0.016198
0.004643
0.002479
0.028183
0.014840
0.006417
0.033290
0.008944
0.031023
0.011051
0.009580
0.009618
0.031607
0.029031
0.008985
0.024923
0.084761
0.007694
0.002200
0.019616
0.002315
0.025446
0.001318
0.031994
0.006510
0.009704
0.029112
0.006161
0.013714
0.004451
0.017856
0.028546
0.003554
0.000235
0.014217
0.001252
0.018343
0.003125
0.007280
0.014947
0.012696
0.012538
0.006680
0.010267
0.033950
0.004947
0.038864
0.003276
0.002062
0.003904
0.003966
0.011463
0.000488
0.001075
0.002041
0.002348
0.028496
0.018352
0.023968
0.021930
0.002031
0.015045
0.028422
0.028086
0.007878
0.014211
0.002050
0.036515
0.004374
0.014692
0.009132
0.010707
0.007342
0.069079
0.056525
0.011617
0.046675
0.027061
0.043388
0.003888
0.000381
0.011078
0.012503
0.045518
0.002025
0.010178
0.005799
0.027060
0.006707
0.053018
0.055164
0.004675
0.030408
0.033146
0.026962
0.002329
0.036139
0.003735
0.026341
0.039131
0.012120
0.069510
0.016537
0.024608
0.002368
0.003066
0.034414
0.021597
0.014754
0.000382
0.034267
0.054547
0.041075
0.029828
0.014168
0.017831
0.046626
0.088864
0.023118
0.007248
0.015359
0.012011
0.031636
0.019277
0.017922
0.008955
0.015504
0.061239
0.024252
0.022167
0.019061
0.017145
0.004444
0.024411
0.025046
0.039569
0.022757
0.000053
0.003527
0.113667
0.011320
0.024623
0.007068
0.007139
0.001539
0.019003
0.002060
0.044962
0.013676
0.048638
0.033358
0.052552
0.046541
0.054451
0.046551
0.027472
0.008551
0.006327
0.010601
0.000284
0.004714
0.004019
0.003322
0.005227
0.127249
0.027068
0.043709
0.001413
0.007287
0.006015
0.026490
0.001361
0.018664
0.002901
0.004255
0.049838
0.015398
0.003601
0.005272
0.043288
0.004230
0.002254
0.038210
0.004086
0.008303
0.009134
0.001956
0.002781
0.051860
0.009095
0.038639
0.016139
0.037532
0.002542
0.082543
0.061251
0.036348
0.000275
0.009571
0.005600
0.060900
0.018555
0.001188
0.006995
0.006992
0.001369
0.018897
0.003435
0.006851
0.007522
0.004990
0.010781
0.013851
0.004284
0.014569
0.009634
0.005969
0.025856
0.011578
0.000726
0.001969
0.005543
0.019052
0.013971
0.010193
0.030030
0.000419
0.062761
0.016685
0.035208
0.029326
0.002511
0.019786
0.028248
0.031441
0.040052
0.075955
0.064905
0.089080
0.003268
0.002373
0.006137
0.017402
0.002318
0.005993
0.016918
0.002057
0.006491
0.032044
0.009323
0.007877
0.013310
0.063254
0.052115
0.057152
0.005155
0.043674
0.005572
0.010384
0.005136
0.018288
0.016323
0.041357
0.002386
0.023896
0.005174
0.069812
0.029255
0.009076
0.001011
0.039404
0.029209
0.034463
0.055801
0.053378
0.006459
0.013299
0.010472
0.000063
0.003898
0.001773
0.036859
0.007903
0.007532
0.042541
0.009899
0.009438
0.021942
0.016469
0.006909
0.017267
0.034282
0.018713
0.005108
0.027021
0.010700
0.025872
0.016444
0.028088
0.009977
0.012896
0.010948
0.004038
0.021631
0.008410
0.000337
0.038426
0.001120
0.013847
0.017347
0.049563
0.003177
0.016394
0.001753
0.006921
0.000850
0.013104
0.017660
0.016128
0.008840
0.072097
0.067988
0.004424
0.025142
0.014495
0.016879
0.024142
0.000190
0.015651
0.006517
0.021435
0.011101
0.015420
0.008049
0.001134
0.004799
0.032630
0.046383
0.001636
0.005898
0.037565
0.015517
0.031912
0.000273
0.025765
0.007813
0.007600
0.052418
0.019438
0.010207
0.023963
0.015270
0.036606
0.002944
0.003286
0.020303
0.013681
0.003350
0.007687
0.014806
0.005449
0.017825
0.009948
0.059633
0.001123
0.024591
0.035807
0.014867
0.018280
0.031925
0.007023
0.013928
0.009333
0.007057
0.036685
0.007648
0.006391
0.024326
0.009855
0.000923
0.010726
0.003567
0.002649
0.005068
0.005042
0.006377
0.017780
0.001588
0.090069
0.008777
0.010086
0.012243
0.002793
0.014219
0.052327
0.037270
0.008923
0.018616
0.004091
0.014048
0.009508
0.019796
0.007725
0.003468
0.077525
0.009341
0.012731
0.010604
0.003364
0.002206
0.004030
0.003306
0.005021
0.058575
0.014332
0.032209
0.009026
0.024825
0.065256
0.008833
0.006591
0.029781
0.000470
0.000080
0.030759
0.029149
0.012447
0.032139
0.015519
0.000050
0.066018
0.029889
0.000796
0.001861
0.004018
0.006884
0.002154
0.042756
0.009846
0.008802
0.002365
0.002457
0.011978
0.031741
0.020051
0.017310
0.023514
0.038561
0.031435
0.000613
0.042125
0.001343
0.008941
0.019606
0.012361
0.001322
0.001582
0.039003
0.013723
0.005170
0.029159
0.015652
0.006772
0.025099
0.022677
0.007445
0.003323
0.029004
0.005601
0.012191
0.014813
0.002075
0.080514
0.001862
0.022104
0.006588
0.015381
0.022228
0.002757
0.016654
0.014596
0.012716
0.006493
0.007677
0.009175
0.006250
0.008032
0.008453
0.000902
0.000573
0.026900
0.006424
0.042422
0.027690
0.015805
0.012268
0.027140
0.006035
0.028414
0.004340
0.002626
0.014081
0.001826
0.032408
0.001838
0.003567
0.004172
0.019270
0.001045
0.015672
0.043555
0.007432
0.035581
0.003277
0.007332
0.012968
0.001664
0.000629
0.010844
0.007496
0.000630
0.005336
0.003797
0.039501
0.029807
0.033312
0.009446
0.044041
0.039057
0.002303
0.032905
0.046901
0.001448
0.004038
0.012741
0.004497
0.036226
0.004492
0.016847
0.019101
0.007954
0.006747
0.005639
0.035073
0.025410
0.034826
0.009433
0.028711
0.003047
0.037064
0.031994
0.003319
0.018212
0.005755
0.000102
0.020711
0.056401
0.022773
0.020259
0.019362
0.019187
0.028334
0.007715
0.000349
0.001772
0.008799
0.010593
0.004766
0.012079
0.033205
0.023503
0.032576
0.013943
0.025088
0.023430
0.019692
0.012592
0.001801
0.003372
0.003350
0.013196
0.015257
0.015188
0.023810
0.019041
0.015916
0.004036
0.001358
0.002410
0.001872
0.012611
0.001460
0.001163
0.022005
0.016947
0.008418
0.032919
0.023523
0.035489
0.017345
0.009833
0.009196
0.020312
0.012461
0.064453
0.032231
0.040717
0.092449
0.036695
0.012570
0.003785
0.008560
0.007281
0.019201
0.056437
0.057162
0.003336
0.009872
0.080252
0.005382
0.018110
0.011930
0.005639
0.007627
0.020907
0.000503
0.002620
0.014696
0.001568
0.017701
0.051362
0.002580
0.008376
0.000012
0.028329
0.020221
0.056788
0.029090
0.003282
0.040663
0.038151
0.005394
0.021698
0.037423
0.000461
0.009121
0.001626
0.000875
0.014203
0.027390
0.033939
0.002297
0.003683
0.000620
0.017192
0.006637
0.009573
0.023917
0.024680
0.045737
0.043776
0.004388
0.002611
0.045015
0.006328
0.014557
0.020457
0.002667
0.033921
0.032327
0.009934
0.001540
0.029124
0.000243
0.135396
0.056220
0.006433
0.031369
0.005733
0.006174
0.007171
0.009183
0.011854
0.007582
0.029193
0.025753
0.009116
0.017172
0.002775
0.011034
0.010472
0.015950
0.016830
0.009813
0.002452
0.001598
0.009342
0.017874
0.003264
0.011048
0.004917
0.009257
0.005728
0.001599
0.002647
0.001050
0.002994
0.009423
0.000735
0.022164
0.030621
0.017116
0.008240
0.026629
0.008200
0.006979
0.000696
0.007122
0.025486
0.024425
0.037995
0.020482
0.013142
0.008663
0.022331
0.035710
0.036000
0.011830
0.002634
0.016797
0.008538
0.039820
0.037946
0.131957
0.022333
0.027804
0.020845
0.021231
0.000654
0.002528
0.011140
0.002586
0.005910
0.022123
0.024157
0.002382
0.004522
0.004483
0.008147
0.004227
0.000934
0.012469
0.011865
0.011230
0.012709
0.044170
0.000219
0.051660
0.013382
0.004262
0.004434
0.016575
0.018399
0.012187
0.001805
0.004510
0.000638
0.006360
0.010195
0.050013
0.032290
0.015138
0.051821
0.006665
0.012167
0.000089
0.026220
0.011724
0.000365
0.056497
0.014125
0.017887
0.050759
0.025750
0.011672
0.034054
0.003616
0.014125
0.016922
0.031330
0.014261
0.042121
0.016499
0.011728
0.014296
0.000406
0.008026
0.041206
0.004354
0.005425
0.019521
0.018196
0.045634
0.042839
0.003787
0.000390
0.012561
0.024883
0.000387
0.014207
0.089563
0.037563
0.004166
0.013412
0.005923
0.000722
0.030420
0.011819
0.016722
0.007767
0.025020
0.008711
0.017683
0.007325
0.011483
0.034532
0.015521
0.027503
0.043548
0.050837
0.012688
0.014885
0.038188
0.013333
0.019043
0.002737
0.002151
0.010636
0.018055
0.012129
0.022305
0.031091
0.017301
0.007663
0.017310
0.017219
0.003908
0.025121
0.024813
0.027423
0.000256
0.003855
0.082485
0.005713
0.021566
0.025100
0.006287
0.001573
0.049985
0.036572
0.027951
0.050622
0.019051
0.017587
0.012365
0.005801
0.042631
0.089454
0.063957
0.099081
0.010578
0.057430
0.035998
0.014591
0.000257
0.001725
0.004694
0.007860
0.001210
0.006900
0.006164
0.046616
0.078780
0.062232
0.003058
0.040139
0.052582
0.019950
0.027773
0.006708
0.037146
0.011964
0.001455
0.004665
0.019613
0.044749
0.039434
0.016221
0.036443
0.053085
0.054542
0.004370
0.025437
0.016414
0.032734
0.023504
0.019056
0.026742
0.029795
0.054502
0.050852
0.018740
0.001667
0.034688
0.006316
0.002811
0.005941
0.003881
0.032301
0.000009
0.038840
0.006619
0.007381
0.021500
0.003436
0.039794
0.028026
0.024961
0.017360
0.000674
0.005518
0.004349
0.057680
0.016225
0.037792
0.042833
0.036636
0.001348
0.023025
0.017697
0.006936
0.008670
0.011009
0.007746
0.000805
0.004697
0.055145
0.005918
0.019680
0.008474
0.000264
0.007273
0.029806
0.040831
0.003405
0.000468
0.020399
0.025739
0.013820
0.010150
0.032657
0.004034
0.026106
0.019902
0.034189
0.003045
0.008538
0.034902
0.015049
0.001964
0.015837
0.013783
0.115525
0.007328
0.056847
0.030940
0.045347
0.012393
0.005505
0.003853
0.033542
0.007369
0.011664
0.036656
0.087733
0.058723
0.047701
0.040288
0.010229
0.009648
0.019038
0.004443
0.014652
0.008179
0.005442
0.007765
0.027682
0.016369
0.015296
0.002251
0.021250
0.000814
0.003549
0.019755
0.008152
0.005776
0.010435
0.003486
0.004943
0.030563
0.025284
0.004458
0.018208
0.032386
0.026411
0.024031
0.003444
0.013824
0.017996
0.000264
0.015104
0.003752
0.002497
0.002427
0.017702
0.015731
0.009916
0.027150
0.003630
0.010593
0.000050
0.003051
0.038810
0.041513
0.012556
0.046020
0.002050
0.009730
0.012738
0.007255
0.012970
0.002195
0.003855
0.002426
0.001180
0.006142
0.002445
0.004899
0.006153
0.017836
0.003387
0.012450
0.010256
0.003481
0.005100
0.044345
0.006634
0.019102
0.003113
0.003807
0.024515
0.017268
0.027725
0.002990
0.056468
0.046622
0.024855
0.067221
0.005191
0.022621
0.000498
0.038493
0.079729
0.040668
0.018564
0.015666
0.011436
0.016934
0.011756
0.011298
0.014236
0.002493
0.069432
0.025035
0.019024
0.004180
0.012194
0.001318
0.002430
0.002364
0.018201
0.019988
0.008130
0.004697
0.003558
0.000920
0.025339
0.000098
0.009043
0.005123
0.175009
0.122742
0.013394
0.001990
0.034327
0.003015
0.007995
0.025638
0.008117
0.009972
0.007179
0.004308
0.008911
0.007507
0.002001
0.001085
0.001161
0.036442
0.016981
0.037792
0.035738
0.007046
0.004783
0.014599
0.004620
0.011437
0.027962
0.014891
0.007262
0.000087
0.003122
0.038979
0.038119
0.007973
0.005717
0.011859
0.011182
0.012460
0.039349
0.044297
0.014847
0.002598
0.038387
0.001123
0.013981
0.018266
0.000207
0.012474
0.030766
0.012031
0.010772
0.006818
0.013080
0.005963
0.002528
0.007097
0.005237
0.022296
0.009242
0.001666
0.000411
0.008678
0.000344
0.029472
