0.0198627
0.0201818
0.0205006
0.0229872
0.0234022
0.023773
0.0220711
0.0225612
0.0229629
0.0233907
0.0237632
0.0242827
0.02478
0.0253051
0.0258217
0.0267503
0.0274299
0.0289307
0.0294966
0.0303361
0.0317853
0.0334334
0.0350152
0.0363977
0.0382175
0.0400455
0.0416987
0.0429604
0.0449713
0.047752
0.0496687
0.0198627
0.0201818
0.0205006
0.0229872
0.0234022
0.023773
0.0220711
0.0225612
0.0229629
0.0233907
0.0237632
0.0242827
0.02478
0.0253051
0.0258217
0.0267503
0.0274299
0.0289307
0.0294966
0.0303361
0.0317853
0.0334334
0.0350152
0.0363977
0.0382175
0.0400455
0.0416987
