0.95122
0.932952
0.914417
0.872159
0.86236
0.848066
0.849115
0.833333
0.81598
0.799917
0.782222
0.761006
0.743482
0.724486
0.706526
0.684946
0.667765
0.645981
0.628374
0.612019
0.585652
0.557223
0.538183
0.516683
0.492694
0.472546
0.452241
0.437821
0.41781
0.397753
0.380214
0.95122
0.932952
0.914417
0.872159
0.86236
0.848066
0.849115
0.833333
0.81598
0.799917
0.782222
0.761006
0.743482
0.724486
0.706526
0.684946
0.667765
0.645981
0.628374
0.612019
0.585652
0.557223
0.538183
0.516683
0.492694
0.472546
0.452241
