0.0601883
0.0816481
0.103825
0.131289
0.155122
0.177514
0.200162
0.226472
0.252545
0.281968
0.309707
0.341861
0.3731
0.406911
0.438414
0.484239
0.524502
0.579388
0.6232
0.673092
0.73178
0.803579
0.877555
0.948926
1.03341
1.12092
1.20982
1.28398
1.38796
1.51823
1.63409
0.0601883
0.0816481
0.103825
0.131289
0.155122
0.177514
0.200162
0.226472
0.252545
0.281968
0.309707
0.341861
0.3731
0.406911
0.438414
0.484239
0.524502
0.579388
0.6232
0.673092
0.73178
0.803579
0.877555
0.948926
1.03341
1.12092
1.20982
