0.0567475
0.0758497
0.0949532
0.107387
0.123839
0.139363
0.170191
0.188817
0.206848
0.226253
0.243627
0.26281
0.281658
0.300125
0.317199
0.339761
0.359649
0.3803
0.398681
0.418158
0.427477
0.449116
0.467968
0.486367
0.506943
0.525803
0.544846
0.562643
0.581385
0.601165
0.619604
0.0567475
0.0758497
0.0949532
0.107387
0.123839
0.139363
0.170191
0.188817
0.206848
0.226253
0.243627
0.26281
0.281658
0.300125
0.317199
0.339761
0.359649
0.3803
0.398681
0.418158
0.427477
0.449116
0.467968
0.486367
0.506943
0.525803
0.544846
