0.00113548
0.00143326
0.00175176
0.0041851
0.00471937
0.00510923
0.00330484
0.00375117
0.00415505
0.0046218
0.00507017
0.0056151
0.00607325
0.00664083
0.00713933
0.00798126
0.00857394
0.00994113
0.0106267
0.0114898
0.0132176
0.0147477
0.0163429
0.0177423
0.0194698
0.0212613
0.0229196
0.0241351
0.0261339
0.028844
0.0308357
0.00113548
0.00143326
0.00175176
0.0041851
0.00471937
0.00510923
0.00330484
0.00375117
0.00415505
0.0046218
0.00507017
0.0056151
0.00607325
0.00664083
0.00713933
0.00798126
0.00857394
0.00994113
0.0106267
0.0114898
0.0132176
0.0147477
0.0163429
0.0177423
0.0194698
0.0212613
0.0229196
