0.00344074
0.00579842
0.00887177
0.0239028
0.0312824
0.0381509
0.0299714
0.0376547
0.045697
0.0557143
0.0660797
0.0790513
0.0914418
0.106786
0.121215
0.144478
0.164853
0.199089
0.224519
0.254933
0.304303
0.354463
0.409587
0.462559
0.526467
0.595118
0.664977
0.72134
0.806578
0.91707
1.01449
0.00344074
0.00579842
0.00887177
0.0239028
0.0312824
0.0381509
0.0299714
0.0376547
0.045697
0.0557143
0.0660797
0.0790513
0.0914418
0.106786
0.121215
0.144478
0.164853
0.199089
0.224519
0.254933
0.304303
0.354463
0.409587
0.462559
0.526467
0.595118
0.664977
