0.000000
0.046867
0.036439
0.049716
0.006540
0.003386
0.017077
0.007930
0.000000
0.020499
0.000000
0.000000
0.000000
0.000000
0.009214
0.000000
0.000000
0.000000
0.000000
0.000000
0.000000
0.000000
0.000000
0.071927
0.000000
0.000000
0.000000
0.000000
0.000000
0.000000
0.000000
0.000000
0.036902
0.000000
0.000000
0.000000
0.000000
0.000000
0.000000
0.000000
0.000000
0.102928
0.000000
0.000000
0.000000
0.000000
0.000000
0.000000
0.000000
0.000000
0.000000
0.107050
0.000000
0.000000
0.089108
0.000000
0.000000
0.000000
0.138004
0.013414
0.000000
0.073672
0.078562
0.000000
0.000000
0.000000
0.041532
0.000000
0.000000
0.000000
0.000000
0.000000
0.000000
0.000000
0.023599
0.009381
0.051121
0.017981
0.000000
0.000000
0.000000
0.000000
0.044693
0.000000
0.000000
0.000000
0.000000
0.000000
0.000000
0.000000
0.086576
0.049511
0.000000
0.000000
0.000000
0.000000
0.000000
0.000000
0.000000
0.000000
0.000000
0.000000
0.000853
0.000000
0.000000
0.000000
0.000000
0.000000
0.018466
0.124432
0.000000
0.004365
0.000000
0.013048
0.025960
0.000000
0.000000
0.000000
0.073574
0.000000
0.000000
0.000000
0.000000
0.000000
0.000000
0.012200
0.000000
0.000000
0.036085
0.000000
0.000000
0.000000
0.085895
0.000000
0.000000
0.000000
0.003067
0.006628
0.000000
0.000000
0.000000
0.000000
0.000000
0.000000
0.000000
0.024441
0.153990
0.014005
0.000000
0.004077
0.040411
0.048567
0.000000
0.000000
0.026115
0.000000
0.028223
0.000000
0.083023
0.019417
0.051272
0.151603
0.139420
0.003351
0.142939
0.003763
0.150788
0.002751
0.071836
0.004822
0.000000
0.019168
0.058841
0.000000
0.000000
0.000000
0.000000
0.000000
0.000000
0.000000
0.000000
0.000000
0.020359
0.000000
0.054942
0.033176
0.000000
0.004715
0.022159
0.000000
0.000000
0.079282
0.036137
0.133552
0.153644
0.000000
0.000000
0.083533
0.000000
0.000000
0.000000
0.000000
0.000000
0.000000
0.008030
0.000000
0.000000
0.000000
0.000000
0.000000
0.000000
0.000000
0.000000
0.000000
0.000000
0.000000
0.000000
0.003851
0.000000
0.000000
0.000000
0.000000
0.000000
0.000000
0.000000
0.000000
0.000000
0.000000
0.000000
0.000000
0.000000
0.000000
0.000000
0.026210
0.079314
0.005278
0.000000
0.000000
0.040784
0.037316
0.000000
0.000000
0.000000
0.000000
0.003658
0.000000
0.000000
0.000000
0.000000
0.000000
0.000000
0.000000
0.000000
0.000000
0.000000
0.000000
0.000000
0.000000
0.066206
0.000000
0.000000
0.000000
0.000000
0.000000
0.087110
0.000000
0.064162
0.000000
0.000000
0.000000
0.000000
0.000000
0.000000
0.000000
0.000000
0.000000
0.000000
0.024672
0.000000
0.017622
0.000000
0.000000
0.000000
0.000000
0.000000
0.004311
0.000000
0.000000
0.000000
0.000000
0.002758
0.000000
0.046361
0.000000
0.000000
0.000000
0.000000
0.000000
0.000000
0.000000
0.037964
0.013908
0.000000
0.000000
0.000000
0.014292
0.000000
0.000000
0.060079
0.004416
0.000000
0.000000
0.011448
0.000000
0.000000
0.000000
0.000000
0.013319
0.000000
0.000000
0.007468
0.000000
0.000000
0.000000
0.000000
0.000000
0.000000
0.000000
0.000000
0.000000
0.000000
0.000000
0.000000
0.000000
0.000000
0.000000
0.010385
0.000000
0.000000
0.000000
0.000000
0.002726
0.000000
0.000000
0.000000
0.000000
0.048068
0.000000
0.072611
0.046922
0.000000
0.003915
0.000000
0.000000
0.000000
0.000000
0.000000
0.000000
0.000000
0.151040
0.000000
0.000000
0.000000
0.000000
0.000000
0.000000
0.000000
0.000000
0.000000
0.000000
0.000000
0.002113
0.000000
0.000000
0.169568
0.000000
0.000000
0.000708
0.000000
0.000000
0.000000
0.000000
0.012597
0.000000
0.060184
0.051512
0.000000
0.041933
0.000000
0.000000
0.000000
0.000000
0.000000
0.077368
0.086754
0.097228
0.000000
0.000000
0.026591
0.000000
0.022382
0.000000
0.000000
0.000000
0.019010
0.000000
0.000000
0.000000
0.000000
0.022030
0.042214
0.000000
0.000000
0.000000
0.000000
0.023753
0.000000
0.000000
0.000000
0.000000
0.000000
0.024458
0.000000
0.000000
0.000000
0.000000
0.000000
0.000000
0.000000
0.103349
0.103316
0.000000
0.000000
0.000000
0.000000
0.057213
0.000000
0.000000
0.012382
0.032296
0.106311
0.000000
0.000000
0.000000
0.000000
0.000000
0.039037
0.000000
0.000000
0.000000
0.000000
0.000000
0.000000
0.000000
0.000000
0.000000
0.036405
0.004768
0.110885
0.000000
0.000000
0.000000
0.000000
0.000000
0.001305
0.015671
0.000000
0.000000
0.000000
0.131187
0.024154
0.000000
0.015108
0.000072
0.054188
0.000000
0.077420
0.005863
0.043040
0.000000
0.000000
0.000000
0.000000
0.000000
0.000000
0.000000
0.000000
0.000000
0.133931
0.000000
0.000000
0.122625
0.035613
0.089040
0.000000
0.000000
0.000000
0.000000
0.000000
0.000000
0.000000
0.000000
0.000000
0.000000
0.142751
0.118131
0.000000
0.041653
0.084397
0.081250
0.032949
0.055126
0.054557
0.181233
0.099218
0.026816
0.065073
0.000000
0.013498
0.067057
0.017935
0.000000
0.000000
0.000000
0.000000
0.000000
0.000000
0.000000
0.000000
0.000000
0.000000
0.000000
0.000000
0.000000
0.005790
0.000000
0.000000
0.000000
0.000000
0.000000
0.000000
0.114572
0.000000
0.000000
0.000000
0.000000
0.037818
0.053032
0.000000
0.000000
0.054642
0.000365
0.003146
0.000000
0.000000
0.000000
0.000000
0.000000
0.000000
0.000000
0.076325
0.000000
0.000000
0.000000
0.000000
0.000000
0.000000
0.000000
0.000000
0.000000
0.000000
0.038805
0.000000
0.000000
0.000000
0.000000
0.000238
0.000000
0.000000
0.000000
0.000000
0.033438
0.000000
0.000000
0.000000
0.000000
0.000000
0.000000
0.000000
0.000000
0.000000
0.000000
0.000000
0.068350
0.000000
0.000000
0.000000
0.000000
0.000000
0.000000
0.000000
0.000000
0.000000
0.000000
0.000000
0.000000
0.000000
0.000000
0.000000
0.000000
0.000000
0.000000
0.000000
0.000000
0.000000
0.000000
0.000000
0.000000
0.000000
0.000000
0.000000
0.000000
0.000000
0.000000
0.000000
0.055528
0.190411
0.000000
0.000000
0.000000
0.000000
0.000000
0.000000
0.004558
0.000000
0.000000
0.000000
0.000000
0.000000
0.000000
0.104367
0.000000
0.000000
0.000000
0.000000
0.000000
0.000000
0.000000
0.000000
0.013291
0.000000
0.000000
0.000000
0.000000
0.000000
0.000000
0.000000
0.000000
0.000244
0.000000
0.090712
0.000000
0.000000
0.064581
0.017880
0.000000
0.000000
0.000000
0.000000
0.000000
0.000000
0.000733
0.000000
0.000000
0.024912
0.000000
0.000000
0.000000
0.000000
0.000000
0.000000
0.000000
0.000000
0.000000
0.000000
0.008228
0.000000
0.000000
0.000000
0.000000
0.000000
0.000000
0.000000
0.000000
0.047094
0.037018
0.052124
0.000000
0.000000
0.000000
0.078744
0.000000
0.000000
0.000000
0.000000
0.023651
0.000000
0.000000
0.000000
0.000000
0.000000
0.000000
0.000000
0.000000
0.000000
0.000000
0.079718
0.160453
0.043973
0.000000
0.186738
0.266290
0.010273
0.008606
0.000000
0.000000
0.000000
0.036338
0.000000
0.000000
0.078810
0.000000
0.000000
0.000000
0.000000
0.000000
0.000000
0.000000
0.023080
0.000000
0.000000
0.000000
0.035364
0.000000
0.000000
0.000000
0.000000
0.000000
0.179111
0.004972
0.000000
0.000000
0.000000
0.000000
0.000000
0.000000
0.000000
0.000000
0.000000
0.000000
0.000000
0.000000
0.016736
0.000000
0.000000
0.000000
0.000000
0.045818
0.004461
0.000000
0.000000
0.000000
0.000000
0.000000
0.000000
0.000000
0.061156
0.014401
0.000000
0.000000
0.039289
0.000000
0.000000
0.000000
0.006972
0.009678
0.000000
0.000000
0.000000
0.000000
0.000000
0.000000
0.000000
0.000000
0.000000
0.000000
0.000000
0.075614
0.000000
0.000000
0.000000
0.000403
0.000000
0.000000
0.052287
0.000000
0.000000
0.000000
0.000000
0.000000
0.000000
0.000000
0.000000
0.017793
0.000000
0.000000
0.000000
0.000000
0.135913
0.000000
0.000000
0.027963
0.034177
0.000000
0.000000
0.000000
0.000000
0.000000
0.000000
0.000000
0.000000
0.002907
0.000000
0.000000
0.000000
0.000000
0.000000
0.000000
0.000000
0.047944
0.031494
0.014649
0.000000
0.000000
0.000000
0.000000
0.000000
0.000000
0.044369
0.000000
0.000000
0.000000
0.000000
0.000000
0.000000
0.000000
0.000000
0.000000
0.023962
0.130724
0.007195
0.000000
0.000000
0.015269
0.028471
0.013485
0.000000
0.139643
0.000000
0.000000
0.000000
0.000000
0.000000
0.048363
0.000000
0.000000
0.000000
0.055780
0.000000
0.000000
0.000000
0.000000
0.019274
0.065927
0.036273
0.000000
0.000000
0.000000
0.000000
0.019166
0.000000
0.000000
0.000000
0.000000
0.000000
0.000000
0.000000
0.000000
0.000000
0.000000
0.000000
0.000000
0.035595
0.000000
0.000000
0.000000
0.000000
0.000000
0.000000
0.000000
0.000000
0.000000
0.000000
0.057070
0.062058
0.000000
0.000000
0.024730
0.000000
0.056725
0.000000
0.046632
0.000000
0.000000
0.053184
0.013994
0.000000
0.013136
0.000000
0.000000
0.000000
0.011909
0.014987
0.000000
0.039694
0.000000
0.000000
0.004372
0.038973
0.000000
0.000000
0.000000
0.000000
0.004917
0.000000
0.000000
0.000000
0.000000
0.000000
0.000000
0.000000
0.004599
0.000000
0.000519
0.022329
0.000000
0.000000
0.000000
0.000000
0.000000
0.000000
0.081987
0.000000
0.000000
0.000000
0.011100
0.000000
0.000000
0.000000
0.000000
0.000000
0.071107
0.004769
0.000000
0.000000
0.000000
0.000000
0.000000
0.016154
0.000000
0.000000
0.000000
0.000000
0.000000
0.011399
0.000000
0.052407
0.000000
0.000000
0.000000
0.000000
0.013405
0.000000
0.098127
0.000000
0.000000
0.000000
0.000000
0.010049
0.000000
0.000000
0.000000
0.000000
0.000000
0.000000
0.039623
0.080754
0.106549
0.000000
0.038157
0.000000
0.000000
0.000000
0.082856
0.000000
0.022067
0.000000
0.101388
0.004748
0.000000
0.040346
0.000000
0.000000
0.000000
0.034336
0.000000
0.000000
0.000000
0.000000
0.000000
0.061428
0.115404
0.001922
0.006465
0.000000
0.000000
0.000000
0.032179
0.026484
0.010902
0.032176
0.000000
0.000000
0.000000
0.074729
0.000000
0.000000
0.035198
0.000000
0.000000
0.000000
0.000000
0.000000
0.000000
0.000000
0.028265
0.053771
0.000000
0.000000
0.000000
0.000000
0.000000
0.000000
0.000000
0.000000
0.098813
0.010345
0.000000
0.000000
0.000000
0.000000
0.000000
0.017219
0.000000
0.000000
0.000000
0.068752
0.000000
0.000000
0.000000
0.000000
0.000000
0.000000
0.000000
0.000000
0.000000
0.000000
0.000000
0.000000
0.000000
0.000000
0.000000
0.000000
0.000000
0.000000
0.000000
0.012346
0.024169
0.000000
0.000000
0.000000
0.000000
0.000000
0.000000
0.000000
0.000000
0.000000
0.087218
0.000000
0.000000
0.073752
0.000000
0.105531
0.002204
0.021479
0.000000
0.005284
0.013509
0.000000
0.000000
0.000000
0.000000
0.000000
0.000000
0.000000
0.000000
0.000000
0.000000
0.000000
0.000000
0.064032
0.029274
0.008698
0.000000
0.023957
0.040760
0.125404
0.034098
0.060042
0.000000
0.000000
0.000000
0.000000
0.013838
0.000000
0.000000
0.127310
0.008645
0.000000
0.000000
0.000000
0.000000
0.000000
0.000000
0.000000
0.000000
0.016771
0.000000
0.000000
0.000000
0.056445
0.032267
0.000000
0.000000
0.139742
0.000000
0.002550
0.000000
0.000000
0.050625
0.011417
0.034124
0.000000
0.000000
0.000000
0.114749
0.003781
0.000000
0.026186
0.000000
0.000000
0.031887
0.000000
0.000000
0.000000
0.000000
0.000000
0.013305
0.000000
0.044787
0.000432
0.064798
0.000000
0.000000
0.000000
0.085065
0.058416
0.000000
0.000000
0.000000
0.027932
0.000000
0.045383
0.000000
0.003533
0.000000
0.000000
0.009332
0.000000
0.034842
0.030787
0.000000
0.000000
0.000000
0.000000
0.000000
0.000000
0.061168
0.000000
0.019237
0.000000
0.043620
0.000000
0.000000
0.000000
0.000000
0.000000
0.010989
0.000000
0.000000
0.000000
0.000000
0.179763
0.000000
0.000000
0.000000
0.219923
0.006487
0.000000
0.149166
0.006934
0.013238
0.013080
0.000000
0.000000
0.000000
0.000000
0.000000
0.000000
0.000000
0.000000
0.000000
0.000000
0.060099
0.000000
0.050150
0.119086
0.068645
0.018647
0.000000
0.000000
0.000000
0.000000
0.000000
0.000000
0.000000
0.000000
0.000000
0.000000
0.000000
0.000000
0.049862
0.000000
0.000000
0.000000
0.000000
0.000000
0.000000
0.000000
0.030292
0.000000
0.017914
0.000000
0.000000
0.000000
0.057287
0.000000
0.000000
0.000000
0.000000
0.186798
0.000000
0.000000
0.172840
0.036473
0.000000
0.057632
0.000000
0.000000
0.000000
0.014812
0.000000
0.000000
0.005826
0.000000
0.000000
0.000000
0.000000
0.000000
0.000000
0.000000
0.015627
0.078910
0.021246
0.000000
0.033604
0.000000
0.000000
0.000000
0.000000
0.000000
0.000000
0.000000
0.000000
0.000000
0.000000
0.000000
0.000000
0.000000
0.080575
0.004492
0.000000
0.000000
0.000000
0.080497
0.000000
0.000000
0.000000
0.000000
0.027691
0.056393
0.013091
0.000000
0.000000
0.000000
0.000000
0.093300
0.030536
0.007247
0.000000
0.000000
0.035690
0.000000
0.000000
0.010742
0.000000
0.013997
0.033543
0.066375
0.000000
0.000000
0.000000
0.042778
0.000000
0.000000
0.000000
0.000000
0.000000
0.061182
0.025471
0.000000
0.000000
0.000000
0.000000
0.000000
0.000000
0.000000
0.000000
0.000000
0.005285
0.073014
0.060911
0.000000
0.040126
0.032298
0.000000
0.002583
0.000000
0.000000
0.000000
0.000000
0.000000
0.000000
0.027652
0.006128
0.101580
0.009625
0.000000
0.000000
0.074548
0.023223
0.000000
0.000000
0.000000
0.019314
0.024028
0.026007
0.000000
0.021202
0.004176
0.023132
0.000000
0.055971
0.000000
0.000000
0.000000
0.000000
0.000000
0.000000
0.000000
0.000000
0.000000
0.041682
0.000000
0.067062
0.000000
0.000000
0.000000
0.000000
0.037174
0.000000
0.000000
0.008898
0.000000
0.000000
0.000000
0.000000
0.000000
0.000000
0.000000
0.000000
0.000000
0.000000
0.000000
0.045581
0.000000
0.000000
0.000000
0.021905
0.000000
0.000000
0.000000
0.000000
0.000000
0.000000
0.000000
0.054354
0.000000
0.000000
0.102150
0.044072
0.057228
0.000000
0.000000
0.000000
0.000000
0.038173
0.000000
0.000000
0.000000
0.000000
0.035239
0.000000
0.000000
0.000000
0.025859
0.000000
0.004825
0.000000
0.000000
0.000000
0.000000
0.143462
0.000000
0.048179
0.000000
0.000000
0.132494
0.000000
0.000000
0.000000
0.000000
0.000000
0.000000
0.000000
0.000000
0.022149
0.078690
0.038348
0.000000
0.000000
0.000000
0.000000
0.000000
0.000000
0.000000
0.000000
0.000000
0.000000
0.000000
0.000000
0.019175
0.000000
0.054577
0.000000
0.000000
0.000000
0.001054
0.000000
0.051584
0.000000
0.000000
0.090826
0.000000
0.017737
0.001983
0.000000
0.000000
0.049498
0.031155
0.000000
0.000000
0.023772
0.000000
0.040170
0.023635
0.017147
0.021678
0.034448
0.086078
0.029546
0.000000
0.000000
0.000000
0.033173
0.000000
0.000000
0.000000
0.008903
0.000000
0.000000
0.038907
0.000000
0.000000
0.000000
0.000000
0.000000
0.000000
0.000000
0.201357
0.071178
0.062817
0.030765
0.019235
0.075805
0.082634
0.087688
0.057775
0.055236
0.000000
0.000000
0.000000
0.118905
0.075440
0.035413
0.001810
0.051904
0.000000
0.000000
0.000000
0.000559
0.000000
0.000000
0.000000
0.000000
0.000000
0.000000
0.000000
0.016589
0.000000
0.000000
0.000000
0.000000
0.005172
0.000000
0.000000
0.000000
0.000000
0.000000
0.000000
0.000000
0.000000
0.000000
0.000000
0.000000
0.000987
0.000000
0.000000
0.000000
0.000000
0.000000
0.000457
0.000000
0.000000
0.000000
0.030980
0.027984
0.000000
0.000000
0.003239
0.000000
0.035325
0.135223
0.001984
0.000000
0.000000
0.000000
0.000000
0.000000
0.032473
0.000000
0.000000
0.030463
0.000000
0.030807
0.026430
0.000000
0.000000
0.000000
0.010129
0.000000
0.019511
0.191247
0.000000
0.000000
0.007117
0.000000
0.000000
0.000000
0.000000
0.000000
0.005495
0.000000
0.000000
0.000000
0.000000
0.052275
0.162779
0.134633
0.141357
0.014666
0.002984
0.003076
0.000000
0.000000
0.000000
0.000000
0.087247
0.000000
0.000000
0.000000
0.000000
0.000000
0.000000
0.000000
0.000000
0.000000
0.016652
0.000000
0.000000
0.000000
0.020468
0.000000
0.000000
0.000000
0.174750
0.191781
0.007751
0.002879
0.002209
0.070481
0.007867
0.000000
0.000000
0.000000
0.000000
0.035546
0.081517
0.000000
0.000000
0.000000
0.000000
0.000000
0.000000
0.000000
0.000000
0.000000
0.000000
0.000000
0.000000
0.000000
0.000000
0.000000
0.000000
0.000000
0.000000
0.000000
0.047256
0.013177
0.109365
0.013826
0.000000
0.043703
0.000000
0.000000
0.000000
0.000000
0.000000
0.000000
0.000000
0.000000
0.064470
0.000000
0.000000
0.317026
0.028075
0.045039
0.000000
0.088689
0.063790
0.000000
0.000000
0.000000
0.000000
0.028098
0.097072
0.000000
0.000000
0.000000
0.000000
0.000000
0.000000
0.000000
0.000000
0.000000
0.000000
0.000000
0.000000
0.000000
0.000000
0.000000
0.000000
0.000000
0.103208
0.037080
0.000000
0.000000
0.025242
0.029631
0.006118
0.000000
0.167722
0.077538
0.002137
0.000000
0.000000
0.000000
0.000000
0.000000
0.000000
0.000000
0.053443
0.000000
0.000000
0.000000
0.000000
0.000000
0.000000
0.000000
0.000000
0.000000
0.000000
0.000000
0.000000
0.010352
0.000000
0.114248
0.000000
0.000000
0.000000
0.000000
0.000000
0.000000
0.000000
0.000000
0.016050
0.057945
0.051892
0.000000
0.000000
0.000000
0.000000
0.031724
0.038468
0.000000
0.000000
0.000000
0.064221
0.000000
0.000000
0.000000
0.000000
0.101045
0.000000
0.000000
0.000000
0.000000
0.190943
0.014039
0.000000
0.000000
0.074379
0.033318
0.151656
0.000000
0.000000
0.000000
0.000000
0.000000
0.000000
0.000000
0.000000
0.000000
0.000000
0.017900
0.007510
0.006875
0.036247
0.138778
0.210990
0.031992
0.172144
0.040439
0.047768
0.060296
0.054771
0.000000
0.007516
0.000000
0.000000
0.000000
0.031736
0.038166
0.000000
0.000000
0.000000
0.000000
0.000000
0.000000
0.000000
0.000000
0.022955
0.000000
0.019418
0.191598
0.181439
0.001818
0.030184
0.025359
0.000000
0.000000
0.000000
0.000000
0.000000
0.000000
0.000000
0.036407
0.000000
0.000000
0.015477
0.000000
0.000000
0.000000
0.000000
0.000000
0.011631
0.059060
0.017164
0.035222
0.000000
0.000000
0.321039
0.020921
0.003423
0.019262
0.019487
0.003054
0.029945
0.000000
0.000000
0.000000
0.000000
0.000000
0.000000
0.000000
0.000000
0.000000
0.000000
0.000000
0.000000
0.000000
0.000000
0.000000
0.000000
0.000000
0.000000
0.000000
0.000000
0.000000
0.000000
0.000000
0.000000
0.000000
0.006720
0.000000
0.000000
0.000000
0.000000
0.000000
0.000000
0.000000
0.054938
0.000000
0.009146
0.000000
0.000000
0.000000
0.000000
0.000000
0.038873
0.161278
0.000000
0.000000
0.024333
0.047608
0.000000
0.000000
0.058415
0.009669
0.095886
0.000000
0.000000
0.000000
0.000000
0.000000
0.000000
0.000000
0.000000
0.000000
0.000838
0.017624
0.000000
0.000000
0.000000
0.000000
0.000000
0.000000
0.000000
0.046589
0.018272
0.000000
0.000000
0.072710
0.080616
0.118092
0.013026
0.000000
0.000000
0.000000
0.000000
0.000000
0.002784
0.000000
0.000000
0.000000
0.000000
0.065820
0.000000
0.000000
0.000000
0.000000
0.000000
0.000000
0.000000
0.000000
0.000000
0.000000
0.096719
0.064156
0.000000
0.019296
0.010080
0.012032
0.000000
0.123503
0.065834
0.000000
0.000000
0.000000
0.000000
0.000000
0.000000
0.000000
0.000000
0.033033
0.005227
0.000000
0.042407
0.000000
0.000000
0.000000
0.000000
0.000000
0.000000
0.000000
0.000000
0.000000
0.000000
0.000000
0.000000
0.077512
0.000000
0.000000
0.000000
0.000000
0.000000
0.000000
0.011882
0.000000
0.000000
0.077615
0.000000
0.000000
0.000000
0.000000
0.000000
0.000000
0.000000
0.000000
0.004423
0.000000
0.004541
0.068891
0.061191
0.000000
0.056055
0.000000
0.000000
0.011312
0.047045
0.090436
0.037675
0.000000
0.000000
0.000000
0.000000
0.000000
0.000000
0.000000
0.000000
0.000000
0.000000
0.000000
0.000000
0.000000
0.000000
0.062595
0.000000
0.000000
0.000000
0.000000
0.000000
0.000000
0.000000
0.000000
0.000000
0.058788
0.045087
0.020936
0.000000
0.000000
0.000000
0.000000
0.000000
0.000000
0.000000
0.000000
0.000000
0.008184
0.000000
0.000000
0.024967
0.000000
0.000000
0.008669
0.000000
0.000000
0.002419
0.000000
0.126207
0.034850
0.065970
0.105560
0.000000
0.000000
0.000000
0.000000
0.000000
0.000000
0.000000
0.000000
0.000000
0.000000
0.000000
0.000000
0.000000
0.000164
0.000000
0.000000
0.000000
0.000000
0.000000
0.000000
0.000000
0.000000
0.000000
0.000000
0.033676
0.000000
0.000000
0.000000
0.000000
0.000000
0.000000
0.050073
0.056151
0.021872
0.000000
0.000000
0.000000
0.057583
0.017146
0.000000
0.000000
0.009244
0.000000
0.034842
0.032652
0.000000
0.000000
0.000000
0.000000
0.000000
0.096220
0.059862
0.034809
0.000000
0.000000
0.000000
0.000000
0.000000
0.000000
0.000000
0.008895
0.000000
0.000000
0.121181
0.014072
0.000000
0.000000
0.000000
0.000000
0.000000
0.027063
0.000000
0.000000
0.000000
0.000000
0.000000
0.000000
0.000000
0.000000
0.000000
0.000000
0.000000
0.000000
0.000000
0.000000
0.000000
0.000000
0.000000
0.000000
0.000000
0.000000
0.000000
0.000000
0.000000
0.000000
0.000000
0.000000
0.000000
0.000000
0.000000
0.000000
0.003017
0.007141
0.000000
0.000000
0.000000
0.000000
0.000000
0.056291
0.000000
0.000000
0.000000
0.000000
0.047529
0.000000
0.000000
0.000000
0.000000
0.000000
0.000000
0.000000
0.000000
0.000000
0.000000
0.000000
0.000000
0.000000
0.000000
0.000000
0.014943
0.000000
0.000000
0.000000
0.000000
0.022424
0.000000
0.000000
0.000000
0.000000
0.000000
0.000000
0.000000
0.127776
0.080321
0.034182
0.074990
0.000000
0.000000
0.000000
0.000000
0.000000
0.000000
0.000000
0.000000
0.023645
0.036718
0.000000
0.000000
0.047926
0.027325
0.189330
0.003881
0.052799
0.013771
0.042802
0.000000
0.000000
0.047673
0.000000
0.000000
0.114087
0.299803
0.000000
0.000000
0.000000
0.000000
0.000000
0.008210
0.000000
0.015032
0.000000
0.000000
0.000000
0.000000
0.000000
0.028041
0.098446
0.017768
0.000000
0.000000
0.000000
0.000000
0.125157
0.005287
0.000000
0.000000
0.000000
0.009624
0.041141
0.000000
0.000000
0.000000
0.000000
0.000000
0.000000
0.000000
0.000000
0.000000
0.000000
0.005738
0.027013
0.000000
0.000000
0.000000
0.000000
0.000000
0.000000
0.000000
0.003765
0.000000
0.000000
0.000000
0.000000
0.000000
0.000000
0.000000
0.000000
0.000000
0.077602
0.088457
0.000000
0.000000
0.000000
0.000000
0.000000
0.000000
0.000000
0.000000
0.000000
0.000000
0.011541
0.036579
0.014927
0.105568
0.150412
0.000000
0.000000
0.000000
0.000000
0.000000
0.069613
0.000000
0.000000
0.000000
0.000000
0.000000
0.000000
0.000000
0.039727
0.026664
0.039482
0.040603
0.027447
0.000000
0.000000
0.000000
0.000000
0.000000
0.000000
0.000000
0.000000
0.000000
0.000000
0.000000
0.042486
0.000000
0.000000
0.051146
0.005566
0.101210
0.015011
0.068311
0.000000
0.000000
0.000000
0.000000
0.087186
0.000000
0.065404
0.000000
0.000000
0.000000
0.000000
0.008915
0.000000
0.000000
0.000000
0.000000
0.000000
0.000000
0.004328
0.079426
0.000000
0.000000
0.000000
0.000000
0.000000
0.057311
0.019956
0.000000
0.000000
0.000000
0.000000
0.000000
0.000000
0.125935
0.094687
0.086308
0.016898
0.019458
0.021789
0.000000
0.000000
0.000000
0.000000
0.000000
0.000000
0.032385
0.000000
0.089776
0.000000
0.000000
0.000858
0.000000
0.000000
0.000000
0.000000
0.000000
0.000000
0.018908
0.000000
0.000000
0.000000
0.000000
0.000000
0.000000
0.031946
0.000000
0.025575
0.000000
0.000000
0.134072
0.123308
0.000000
0.000000
0.000000
0.000000
0.000000
0.000000
0.000000
0.000000
0.276373
0.000000
0.000000
0.000000
0.000000
0.000000
0.000000
0.000000
0.047999
0.000000
0.024560
0.026865
0.000053
0.000000
0.000000
0.000000
0.000000
0.000000
0.000000
0.065633
0.023301
0.000000
0.000000
0.000000
0.000000
0.219241
0.002238
0.023490
0.096624
0.070819
0.094044
0.015639
0.205585
0.033124
0.002776
0.000000
0.000000
0.000000
0.000000
0.000000
0.098753
0.000000
0.000000
0.000000
0.000000
0.000000
0.000000
0.000000
0.107462
0.000000
0.000000
0.000000
0.004683
0.000000
0.011000
0.000000
0.000000
0.000000
0.000000
0.000000
0.000000
0.000000
0.000000
0.081470
0.017325
0.036852
0.033986
0.015477
0.008606
0.040246
0.112263
0.000000
0.000000
0.000000
0.000000
0.000000
0.071402
0.000000
0.000000
0.000000
0.000000
0.000000
0.015056
0.000000
0.035894
0.000000
0.000000
0.000000
0.023292
0.000000
0.000000
0.058778
0.000000
0.000000
0.000000
0.000000
0.126150
0.000000
0.000000
0.007932
0.000000
0.010911
0.025689
0.000000
0.000000
0.000000
0.008089
0.000000
0.000000
0.000000
0.000000
0.000000
0.000000
0.000000
0.000000
0.021164
0.000000
0.000000
0.000000
0.000000
0.000000
0.000000
0.062142
0.000000
0.000000
0.000000
0.000000
0.001237
0.022356
0.000000
0.000000
0.000006
0.000000
0.000000
0.000000
0.000000
0.000000
0.040056
0.024155
0.000000
0.000000
0.000000
0.000000
0.000000
0.000000
0.043698
0.068768
0.013669
0.061876
0.005638
0.000000
0.000000
0.000000
0.000000
0.000000
0.085058
0.272180
0.047895
0.066727
0.103420
0.000000
0.000000
0.019810
0.000000
0.000000
0.000000
0.023649
0.000000
0.000000
0.000000
0.000000
0.143337
0.094524
0.046565
0.262563
0.000000
0.007348
0.000000
0.000000
0.000000
0.000000
0.024897
0.000000
0.043787
0.020064
0.000000
0.000000
0.126649
0.000000
0.000000
0.000000
0.000000
0.000000
0.000000
0.000000
0.000000
0.000000
0.000000
0.000000
0.000000
0.000000
0.119271
0.000000
0.000000
0.000000
0.000000
0.000000
0.000000
0.069538
0.007452
0.003672
0.009836
0.000000
0.000000
0.004331
0.000000
0.000000
0.000000
0.000000
0.000000
0.009817
0.107212
0.000000
0.000000
0.000000
0.000000
0.000000
0.000000
0.000000
0.000000
0.007964
0.000000
0.000000
0.000000
0.000000
0.000000
0.111187
0.000000
0.000000
0.000000
0.000000
0.000000
0.000000
0.000000
0.000000
0.012853
0.000000
0.001579
0.000000
0.000000
0.000000
0.000000
0.000000
0.000000
0.000000
0.000000
0.000000
0.000000
0.146875
0.000000
0.000000
0.015960
0.037119
0.000000
0.024895
0.000000
0.000000
0.172641
0.016708
0.226708
0.023825
0.023174
0.084104
0.039474
0.149191
0.000000
0.000000
0.000000
0.000000
0.000000
0.014429
0.000000
0.000000
0.000000
0.000000
0.000000
0.000000
0.029346
0.007237
0.000000
0.000000
0.055403
0.002081
0.012195
0.000000
0.051362
0.031476
0.000000
0.000000
0.029476
0.009218
0.000077
0.000000
0.000000
0.014696
0.189112
0.042368
0.050212
0.053789
0.000000
0.000000
0.010222
0.000000
0.001024
0.045208
0.000000
0.000000
0.000000
0.000000
0.000000
0.000000
0.007950
0.000000
0.051918
0.000000
0.063768
0.000000
0.000000
0.000000
0.018225
0.000000
0.000000
0.005451
0.000000
0.000000
0.000000
0.000000
0.000000
0.000000
0.000000
0.000000
0.000000
0.000000
0.000000
0.000000
0.008732
0.092620
0.047947
0.005936
0.000000
0.000000
0.013183
0.000000
0.020818
0.116981
0.022063
0.000400
0.090625
0.148657
