0.000000
0.001798
0.017983
0.034118
0.014297
0.002090
0.000371
0.000000
0.000000
0.095142
0.011392
0.000000
0.000000
0.014195
0.000000
0.000000
0.000000
0.000000
0.008315
0.000000
0.000000
0.000000
0.000000
0.000000
0.000000
0.000000
0.000000
0.000000
0.019990
0.000000
0.000000
0.040202
0.000000
0.000000
0.000000
0.000000
0.000000
0.000000
0.000000
0.000000
0.008601
0.000000
0.000000
0.000000
0.000000
0.000000
0.000000
0.000000
0.000000
0.000000
0.000000
0.000000
0.000000
0.000000
0.001859
0.000000
0.000000
0.000000
0.066082
0.001645
0.000000
0.000000
0.000000
0.000000
0.000000
0.000000
0.116934
0.000000
0.000000
0.000000
0.000000
0.000000
0.000000
0.000000
0.034331
0.006143
0.000000
0.017706
0.000000
0.000158
0.000000
0.000000
0.000000
0.000000
0.000000
0.000000
0.000000
0.000000
0.000000
0.000000
0.070931
0.029193
0.000000
0.000000
0.000000
0.000000
0.000000
0.000000
0.000000
0.000000
0.000000
0.000000
0.006786
0.000000
0.022440
0.000000
0.000000
0.000000
0.000000
0.000000
0.000000
0.026670
0.000000
0.000000
0.000000
0.000000
0.000000
0.000000
0.000000
0.000000
0.000000
0.000000
0.000000
0.000000
0.000000
0.000000
0.000000
0.000000
0.006934
0.000000
0.000000
0.000000
0.000000
0.000000
0.000000
0.000000
0.041520
0.009308
0.000000
0.006578
0.000000
0.000000
0.000000
0.000000
0.000000
0.000000
0.000000
0.000000
0.000000
0.012172
0.094587
0.008158
0.000000
0.000000
0.000000
0.040467
0.010250
0.000000
0.000000
0.000000
0.000000
0.000000
0.000000
0.000000
0.000000
0.092288
0.000625
0.034231
0.099192
0.000000
0.000000
0.000000
0.030631
0.000000
0.000000
0.000000
0.047448
0.000000
0.000000
0.000000
0.000000
0.000000
0.000000
0.000000
0.000000
0.000000
0.000000
0.039123
0.008526
0.000000
0.000000
0.002652
0.181824
0.023657
0.034543
0.000000
0.000000
0.000000
0.000000
0.000000
0.000000
0.000000
0.000000
0.000000
0.004867
0.000000
0.000000
0.000000
0.000000
0.000000
0.000000
0.000000
0.000000
0.000000
0.000000
0.000000
0.007776
0.008459
0.050756
0.000000
0.000000
0.000000
0.000000
0.022798
0.000000
0.000000
0.000000
0.000000
0.000000
0.010035
0.000000
0.000000
0.000000
0.027260
0.000000
0.000000
0.000000
0.000000
0.000000
0.055077
0.000000
0.000000
0.024242
0.000000
0.000000
0.000000
0.000000
0.000000
0.000000
0.022604
0.000000
0.000000
0.000000
0.000000
0.102402
0.018394
0.000386
0.000000
0.044150
0.000000
0.000000
0.016531
0.017240
0.000000
0.055762
0.000000
0.000000
0.000000
0.000000
0.000000
0.000000
0.035026
0.000000
0.000000
0.000000
0.000000
0.000000
0.000000
0.000000
0.009830
0.104217
0.000000
0.000000
0.000000
0.000000
0.002793
0.000000
0.000000
0.000000
0.000000
0.000000
0.000000
0.028092
0.000000
0.000000
0.000000
0.000000
0.000000
0.000000
0.000000
0.000000
0.000000
0.000000
0.000000
0.000000
0.000000
0.000000
0.000000
0.076530
0.006296
0.000000
0.000000
0.022561
0.014942
0.016538
0.000000
0.000000
0.051463
0.000000
0.000000
0.000000
0.015069
0.000000
0.000000
0.000000
0.000000
0.000000
0.000000
0.000000
0.000000
0.000000
0.000000
0.000000
0.016081
0.000000
0.000000
0.000000
0.000000
0.000000
0.000000
0.000000
0.082454
0.039503
0.000358
0.000000
0.000000
0.002477
0.000000
0.000000
0.000000
0.000000
0.000000
0.000000
0.000000
0.000000
0.000000
0.000000
0.000000
0.000000
0.065802
0.000000
0.000000
0.000000
0.000000
0.000000
0.000000
0.000000
0.000000
0.000000
0.000000
0.000000
0.026270
0.000000
0.000000
0.000000
0.000000
0.000000
0.063761
0.000000
0.000000
0.000000
0.000000
0.000000
0.000000
0.000000
0.000000
0.000000
0.000000
0.000000
0.000000
0.000000
0.000000
0.000000
0.065370
0.010128
0.000000
0.000000
0.000000
0.011861
0.000000
0.036128
0.000000
0.000000
0.000000
0.006648
0.000000
0.052139
0.000000
0.000000
0.019712
0.085740
0.000000
0.039552
0.000000
0.000000
0.000365
0.000000
0.000000
0.000000
0.000000
0.000000
0.026047
0.000000
0.000000
0.016177
0.000000
0.000000
0.000000
0.013637
0.005424
0.031591
0.000000
0.000000
0.000000
0.000000
0.010088
0.000000
0.000000
0.000000
0.081624
0.055112
0.000000
0.000000
0.048870
0.000000
0.000000
0.000000
0.000000
0.000000
0.039596
0.042380
0.000000
0.000000
0.000000
0.000000
0.000000
0.044743
0.066565
0.004890
0.000000
0.000000
0.014101
0.000000
0.000000
0.021744
0.074735
0.000000
0.000000
0.000000
0.000000
0.000000
0.000000
0.000000
0.039257
0.022710
0.000000
0.000000
0.000000
0.000000
0.000000
0.000000
0.000000
0.000000
0.000000
0.035943
0.000000
0.000000
0.000000
0.000000
0.000000
0.000000
0.061807
0.046612
0.014553
0.000000
0.000000
0.000000
0.125607
0.005556
0.000000
0.000000
0.000000
0.000000
0.000000
0.076570
0.026451
0.000000
0.000000
0.121668
0.040713
0.007069
0.075206
0.000000
0.000000
0.165669
0.096255
0.030108
0.000000
0.000000
0.000000
0.000000
0.012430
0.028679
0.000000
0.000000
0.000000
0.000000
0.000000
0.000000
0.000000
0.000000
0.000000
0.000000
0.000000
0.000000
0.000000
0.000000
0.000000
0.000000
0.000000
0.000000
0.014382
0.000000
0.000000
0.000000
0.000000
0.086563
0.036498
0.000000
0.000000
0.000000
0.000000
0.066583
0.006111
0.000000
0.000000
0.000000
0.000000
0.000000
0.000000
0.025951
0.000000
0.000000
0.000000
0.000000
0.000000
0.000000
0.000000
0.000000
0.000000
0.000000
0.029382
0.000000
0.066119
0.000000
0.000000
0.000000
0.000000
0.000000
0.037970
0.000000
0.000000
0.000000
0.000000
0.000000
0.000000
0.000000
0.000000
0.000000
0.000000
0.000000
0.000000
0.000000
0.000000
0.000000
0.035249
0.000000
0.000494
0.000000
0.000000
0.000000
0.000000
0.000000
0.000000
0.000000
0.000000
0.000000
0.000000
0.000000
0.000000
0.000000
0.000000
0.000000
0.000000
0.000000
0.000000
0.000000
0.000000
0.000000
0.000000
0.000000
0.000000
0.000000
0.000000
0.000000
0.068516
0.022913
0.000000
0.000000
0.000000
0.000000
0.000000
0.000000
0.000000
0.000000
0.000000
0.000691
0.000000
0.046773
0.000000
0.000000
0.000000
0.048971
0.000000
0.000000
0.000000
0.000000
0.005762
0.000000
0.057697
0.047242
0.000000
0.000000
0.000000
0.000000
0.000000
0.087648
0.044404
0.004752
0.014187
0.054865
0.000000
0.052208
0.127550
0.060180
0.000000
0.005780
0.000000
0.000000
0.000000
0.000000
0.000000
0.000000
0.000000
0.000000
0.000000
0.000000
0.000000
0.000000
0.000000
0.000000
0.000000
0.000000
0.000000
0.000000
0.000000
0.000000
0.000000
0.000000
0.000000
0.000000
0.000000
0.000000
0.050155
0.002358
0.043034
0.000000
0.000000
0.000000
0.000000
0.035561
0.000000
0.000000
0.000000
0.000000
0.000000
0.000000
0.028996
0.000000
0.000000
0.000000
0.000000
0.094499
0.000000
0.000000
0.153423
0.111771
0.074974
0.048781
0.000000
0.105001
0.038594
0.000000
0.000000
0.000000
0.096513
0.037887
0.000000
0.000000
0.000000
0.012197
0.000000
0.000000
0.000000
0.000000
0.000000
0.000000
0.000000
0.059678
0.000000
0.000000
0.000000
0.000000
0.000000
0.000000
0.000000
0.000000
0.000000
0.027484
0.110189
0.000000
0.000000
0.000000
0.000000
0.000000
0.130889
0.000000
0.038243
0.024775
0.000000
0.000000
0.000000
0.000000
0.000000
0.000000
0.045413
0.000000
0.035716
0.067489
0.094847
0.000000
0.000000
0.000000
0.000000
0.000000
0.000000
0.000000
0.014250
0.000000
0.000000
0.000000
0.000000
0.000000
0.000000
0.054118
0.057871
0.000000
0.000000
0.000000
0.000000
0.000000
0.000000
0.107844
0.000000
0.000000
0.000000
0.000000
0.002261
0.000000
0.000000
0.063699
0.058103
0.000000
0.000000
0.000000
0.000000
0.000000
0.000000
0.000000
0.000000
0.000000
0.000000
0.000000
0.000000
0.000000
0.000000
0.000000
0.000000
0.000000
0.000000
0.125992
0.115682
0.007012
0.056227
0.103399
0.008990
0.006696
0.015801
0.000000
0.000000
0.082403
0.122889
0.000000
0.000000
0.000000
0.000000
0.000000
0.000000
0.000000
0.000000
0.102361
0.021989
0.000000
0.000000
0.000000
0.000000
0.000000
0.000000
0.021507
0.000000
0.000000
0.000000
0.011436
0.000000
0.000000
0.000000
0.000000
0.000000
0.000000
0.066294
0.000000
0.000000
0.000000
0.017780
0.000273
0.000000
0.000000
0.103219
0.021171
0.000000
0.000000
0.000000
0.000000
0.000000
0.060233
0.000000
0.000000
0.002556
0.000000
0.000000
0.000000
0.000000
0.000000
0.078287
0.000000
0.000000
0.000000
0.000000
0.017599
0.000000
0.000000
0.062158
0.000000
0.046666
0.000000
0.000000
0.000000
0.000000
0.000000
0.000000
0.000000
0.000000
0.029108
0.000000
0.000000
0.000000
0.000000
0.000000
0.000000
0.000000
0.007481
0.000000
0.000000
0.000000
0.082029
0.000000
0.000000
0.053073
0.000000
0.012256
0.000000
0.000000
0.000000
0.000000
0.000000
0.000000
0.000000
0.000000
0.000000
0.000000
0.016916
0.142029
0.003432
0.128570
0.144442
0.021849
0.000000
0.041385
0.070137
0.000000
0.000000
0.000000
0.000000
0.000000
0.000000
0.000000
0.000000
0.000000
0.000000
0.004828
0.000000
0.004231
0.000000
0.000000
0.000000
0.000000
0.000000
0.000000
0.000000
0.000000
0.000000
0.000000
0.000000
0.000000
0.000000
0.047950
0.000000
0.000000
0.000000
0.017969
0.123993
0.075800
0.028659
0.045058
0.000000
0.000000
0.000000
0.000000
0.000000
0.000000
0.024126
0.053651
0.000000
0.000000
0.000000
0.000000
0.010654
0.000000
0.000000
0.000000
0.000000
0.022638
0.000000
0.005885
0.000000
0.000000
0.000000
0.000000
0.000000
0.000000
0.000000
0.000000
0.000000
0.000000
0.000000
0.000000
0.013664
0.257225
0.000000
0.132832
0.015252
0.000000
0.000000
0.029686
0.000000
0.006740
0.000000
0.000000
0.000000
0.000000
0.018190
0.000000
0.000000
0.035246
0.077874
0.000000
0.000000
0.019799
0.274791
0.001655
0.013213
0.005292
0.035929
0.000000
0.000000
0.000000
0.160164
0.011791
0.049196
0.100574
0.041257
0.000000
0.000000
0.000000
0.000000
0.000000
0.000000
0.000000
0.000000
0.000000
0.000000
0.000000
0.000000
0.000000
0.000000
0.102173
0.036270
0.000000
0.000000
0.011227
0.000000
0.029587
0.000000
0.000000
0.020868
0.000000
0.000000
0.000000
0.005985
0.000000
0.000000
0.000000
0.000000
0.000000
0.000000
0.000000
0.020300
0.000000
0.000000
0.000000
0.000000
0.000000
0.000000
0.000000
0.000000
0.000000
0.000000
0.000000
0.000000
0.026346
0.000000
0.000000
0.000000
0.000000
0.000000
0.000000
0.000000
0.000000
0.000000
0.000000
0.000000
0.000000
0.000000
0.000000
0.000000
0.000000
0.000000
0.000000
0.000000
0.000000
0.026273
0.000000
0.015392
0.056154
0.054478
0.000000
0.032994
0.062730
0.000000
0.012004
0.000000
0.142664
0.022242
0.000000
0.082641
0.000000
0.000000
0.000000
0.000000
0.000000
0.000000
0.052875
0.044839
0.000000
0.067883
0.021444
0.026205
0.000000
0.000000
0.000000
0.000000
0.000000
0.000000
0.000000
0.000000
0.000000
0.078341
0.049472
0.000000
0.000000
0.000000
0.017093
0.000000
0.000000
0.000000
0.000000
0.000000
0.000000
0.008233
0.000000
0.095293
0.076025
0.000000
0.000000
0.000000
0.000000
0.015425
0.000000
0.000000
0.000000
0.017967
0.014762
0.000000
0.046000
0.000000
0.006348
0.000000
0.000000
0.082922
0.000957
0.000000
0.079371
0.019575
0.000000
0.000000
0.055356
0.133790
0.041214
0.222715
0.104845
0.022914
0.018650
0.040971
0.040354
0.000000
0.069528
0.000000
0.000000
0.000000
0.000000
0.000000
0.000000
0.004801
0.000000
0.000000
0.000000
0.000000
0.000000
0.000000
0.000000
0.032152
0.000000
0.000000
0.084050
0.000000
0.000000
0.000000
0.000000
0.000000
0.024951
0.000000
0.118683
0.000000
0.000000
0.000000
0.000000
0.000000
0.000000
0.000000
0.000000
0.035599
0.000000
0.005495
0.000000
0.000000
0.000000
0.059173
0.000000
0.000000
0.040668
0.034104
0.000000
0.017221
0.000000
0.000000
0.000000
0.121969
0.000000
0.048118
0.000000
0.000000
0.000000
0.000000
0.000000
0.000000
0.000000
0.000000
0.000000
0.013549
0.000000
0.000000
0.000000
0.009904
0.000000
0.000000
0.000000
0.060145
0.000000
0.000000
0.081288
0.000000
0.060313
0.000000
0.000000
0.000000
0.000000
0.000000
0.000000
0.000000
0.072179
0.000000
0.000000
0.000000
0.000000
0.001015
0.017312
0.000000
0.084757
0.064190
0.231716
0.028506
0.059321
0.000000
0.000000
0.000000
0.000000
0.139059
0.000000
0.000000
0.026239
0.000000
0.000000
0.000000
0.000000
0.000000
0.000000
0.000000
0.025692
0.000376
0.000000
0.000000
0.009265
0.032173
0.019645
0.000000
0.000000
0.000000
0.000000
0.000000
0.000000
0.000000
0.000000
0.000000
0.000000
0.000000
0.000000
0.000000
0.000000
0.000000
0.000000
0.000000
0.000000
0.000000
0.000000
0.000000
0.000000
0.000000
0.000000
0.000000
0.009038
0.018264
0.021355
0.000000
0.000000
0.000000
0.000000
0.031075
0.000000
0.000000
0.000000
0.000000
0.038974
0.000000
0.000000
0.000000
0.000000
0.000000
0.000000
0.000000
0.000000
0.000000
0.000000
0.000000
0.000000
0.042955
0.000000
0.000000
0.126384
0.006179
0.026897
0.029902
0.156446
0.057981
0.000000
0.000000
0.000000
0.000000
0.000000
0.000000
0.006788
0.013182
0.000000
0.000000
0.009877
0.030805
0.000000
0.000000
0.000000
0.000000
0.000000
0.000000
0.043744
0.009522
0.000000
0.010848
0.001871
0.000000
0.000000
0.000000
0.017373
0.048265
0.000000
0.000000
0.000000
0.030021
0.088825
0.127436
0.000000
0.000000
0.000000
0.087640
0.000000
0.053620
0.000000
0.000000
0.041724
0.000000
0.000000
0.000710
0.000000
0.000000
0.000000
0.000000
0.000000
0.000000
0.000000
0.000000
0.000000
0.027770
0.000000
0.000000
0.000000
0.000198
0.000000
0.000000
0.000000
0.000000
0.000000
0.000000
0.000000
0.000000
0.000000
0.000000
0.000000
0.000000
0.000000
0.000000
0.000000
0.000000
0.000000
0.000000
0.000000
0.114333
0.000000
0.000000
0.000000
0.037638
0.000000
0.000000
0.000000
0.000000
0.000000
0.000000
0.000000
0.000000
0.000000
0.015614
0.000000
0.000000
0.000000
0.000352
0.000000
0.000000
0.000000
0.000000
0.000000
0.000000
0.030063
0.000000
0.000000
0.000000
0.000000
0.033220
0.000000
0.082730
0.004529
0.000000
0.000000
0.000000
0.000000
0.002980
0.000000
0.000000
0.000000
0.000000
0.000000
0.035198
0.009753
0.036166
0.000000
0.000000
0.000000
0.000000
0.000000
0.000000
0.002311
0.000000
0.000000
0.000000
0.000000
0.000000
0.089042
0.000000
0.011415
0.059082
0.019452
0.000000
0.015578
0.021823
0.062384
0.000000
0.000000
0.000000
0.000000
0.007989
0.045956
0.000000
0.000000
0.002038
0.000000
0.012203
0.000000
0.054312
0.040799
0.024237
0.000000
0.000000
0.143183
0.025535
0.122152
0.105707
0.000000
0.000000
0.000000
0.000000
0.000000
0.000000
0.000000
0.066174
0.000000
0.000000
0.115402
0.000000
0.000000
0.000000
0.031674
0.040106
0.000000
0.000000
0.000000
0.017293
0.090124
0.023835
0.071158
0.000000
0.000000
0.000000
0.096745
0.045352
0.000000
0.000000
0.000000
0.110406
0.099601
0.009355
0.014490
0.182149
0.000000
0.000000
0.000000
0.096132
0.000000
0.000000
0.000000
0.000000
0.000000
0.000000
0.000000
0.096338
0.015610
0.125994
0.000000
0.000000
0.000000
0.000000
0.000000
0.000000
0.000000
0.000000
0.000000
0.000000
0.000000
0.060709
0.000000
0.000000
0.107055
0.039663
0.000000
0.007103
0.000000
0.000000
0.000000
0.000000
0.000000
0.006099
0.006912
0.000000
0.016768
0.000000
0.000000
0.000000
0.240962
0.121038
0.038775
0.001878
0.000000
0.000000
0.000000
0.000000
0.000000
0.000000
0.000000
0.008719
0.000000
0.000000
0.000000
0.000000
0.000000
0.000000
0.044396
0.069342
0.000000
0.000000
0.000000
0.000000
0.000000
0.000000
0.000889
0.038770
0.000000
0.000000
0.204611
0.000000
0.000000
0.000000
0.000000
0.146727
0.013972
0.141644
0.030147
0.000000
0.000000
0.000000
0.000000
0.000000
0.000000
0.000000
0.000000
0.000000
0.000000
0.047956
0.000000
0.000000
0.000000
0.000000
0.000000
0.012847
0.032743
0.000000
0.000000
0.000000
0.021774
0.050279
0.049381
0.002972
0.059946
0.055650
0.067789
0.000000
0.076544
0.000304
0.000000
0.093586
0.012800
0.067335
0.026099
0.075893
0.001266
0.000000
0.000000
0.000000
0.009558
0.000000
0.000000
0.000000
0.005111
0.000000
0.000000
0.000000
0.000000
0.000000
0.000000
0.000000
0.000000
0.000000
0.000000
0.000000
0.048732
0.000000
0.200456
0.035899
0.000000
0.000000
0.000000
0.000000
0.000000
0.000000
0.000000
0.000000
0.000000
0.000000
0.000000
0.000000
0.000000
0.000000
0.021913
0.059805
0.000000
0.056164
0.006309
0.000000
0.000000
0.000000
0.000000
0.013261
0.000000
0.000000
0.000000
0.050144
0.000000
0.000000
0.000000
0.000000
0.000000
0.000000
0.000000
0.000000
0.000000
0.000000
0.000000
0.000000
0.000000
0.000000
0.174999
0.096224
0.025214
0.000000
0.000000
0.013823
0.000000
0.000000
0.000000
0.000000
0.000000
0.000000
0.000000
0.000000
0.000000
0.000000
0.000000
0.000000
0.092069
0.000000
0.000000
0.062733
0.000000
0.000000
0.012399
0.000000
0.000000
0.000000
0.000000
0.000000
0.000000
0.013784
0.000000
0.000000
0.000000
0.000000
0.000000
0.000000
0.000000
0.000000
0.000000
0.000000
0.000000
0.000000
0.053284
0.000000
0.000000
0.000000
0.023183
0.019241
0.000000
0.000000
0.000000
0.000000
0.021286
0.000000
0.067039
0.007665
0.000000
0.000000
0.000000
0.106483
0.126084
0.000000
0.014423
0.000000
0.000000
0.000000
0.000315
0.000000
0.000000
0.000000
0.000000
0.000000
0.000000
0.000000
0.000000
0.000000
0.000000
0.000000
0.000000
0.162108
0.074645
0.000170
0.002188
0.012836
0.180833
0.080731
0.002463
0.004118
0.002137
0.038758
0.098217
0.018133
0.000000
0.000000
0.000000
0.035687
0.057731
0.036405
0.000000
0.000000
0.000000
0.000000
0.000000
0.000000
0.000000
0.070976
0.068643
0.000000
0.012263
0.025489
0.000000
0.000000
0.000000
0.000000
0.000000
0.000000
0.000000
0.000000
0.000000
0.000000
0.000000
0.000000
0.000000
0.000000
0.010309
0.000000
0.000000
0.158658
0.080989
0.010487
0.124240
0.079765
0.038071
0.001195
0.000000
0.000000
0.001616
0.000000
0.000000
0.000000
0.009066
0.000000
0.000000
0.000000
0.000000
0.000000
0.000000
0.000000
0.000000
0.000000
0.000000
0.000000
0.000000
0.025747
0.102357
0.046219
0.076001
0.000000
0.000000
0.000000
0.000000
0.000000
0.000000
0.000000
0.000000
0.000000
0.000000
0.045344
0.075003
0.000000
0.000000
0.001099
0.005887
0.000000
0.087066
0.000000
0.094212
0.000000
0.031128
0.000000
0.000000
0.000000
0.000000
0.000000
0.000000
0.000000
0.000000
0.000000
0.058022
0.055453
0.000000
0.000000
0.000000
0.185141
0.010968
0.000000
0.000000
0.000000
0.000000
0.000000
0.000000
0.000000
0.000000
0.000000
0.033929
0.000000
0.000000
0.000000
0.000000
0.000000
0.000000
0.000000
0.000000
0.000000
0.017702
0.000000
0.000000
0.007286
0.000000
0.065985
0.000000
0.000000
0.000000
0.000000
0.000000
0.000000
0.012611
0.000000
0.000000
0.000000
0.000000
0.000000
0.000000
0.016199
0.000000
0.000000
0.000000
0.000000
0.000000
0.000000
0.000000
0.000000
0.003867
0.000000
0.000000
0.020317
0.019755
0.152980
0.075956
0.005755
0.000000
0.000000
0.000000
0.082976
0.028254
0.017991
0.000000
0.000000
0.066941
0.078504
0.005895
0.038772
0.013467
0.000000
0.000000
0.000000
0.000000
0.000000
0.000000
0.000000
0.000000
0.000000
0.037123
0.000000
0.000000
0.000000
0.000000
0.000000
0.000000
0.000000
0.115117
0.038359
0.006070
0.100022
0.008690
0.009602
0.000000
0.000000
0.000000
0.000000
0.012943
0.000000
0.000000
0.000000
0.000000
0.000000
0.000000
0.034588
0.013437
0.000000
0.025551
0.000000
0.000000
0.000000
0.000000
0.019769
0.000000
0.000000
0.000000
0.029687
0.000000
0.000000
0.000000
0.110863
0.024836
0.019953
0.000000
0.000000
0.000000
0.000000
0.000000
0.005551
0.000000
0.000000
0.000000
0.000000
0.196548
0.082930
0.001740
0.125542
0.011475
0.162483
0.127337
0.105625
0.194163
0.000000
0.000000
0.008980
0.011998
0.080589
0.107189
0.000000
0.000000
0.087846
0.000000
0.025505
0.006839
0.000000
0.000000
0.062194
0.000000
0.000000
0.013857
0.069587
0.020002
0.012165
0.019913
0.000000
0.000000
0.000000
0.006646
0.071336
0.028931
0.000000
0.087675
0.000000
0.000000
0.000000
0.000000
0.000000
0.094063
0.004501
0.109496
0.040337
0.000000
0.000000
0.280496
0.001818
0.014198
0.008826
0.000000
0.000000
0.000000
0.000000
0.000000
0.002167
0.000000
0.000000
0.000000
0.000000
0.005893
0.000000
0.000000
0.000000
0.000000
0.003811
0.000000
0.000000
0.000000
0.000000
0.000000
0.077326
0.000154
0.136887
0.043867
0.004557
0.000000
0.000000
0.031654
0.037130
0.000000
0.000000
0.000000
0.000000
0.000000
0.000000
0.000000
0.000000
0.000000
0.000000
0.000000
0.005026
0.000000
0.000000
0.000000
0.000000
0.007990
0.000000
0.000000
0.004581
0.000000
0.000000
0.000000
0.000000
0.078283
0.057293
0.000000
0.000000
0.000000
0.000000
0.000000
0.000000
0.000000
0.027814
0.000000
0.000000
0.000000
0.000000
0.000000
0.157577
0.088620
0.000000
0.000000
0.000000
0.000000
0.000000
0.000000
0.000000
0.000000
0.016816
0.033530
0.000000
0.000000
0.000000
0.000000
0.000000
0.000000
0.000000
0.000000
0.000000
0.000000
0.021891
0.000000
0.000000
0.000000
0.000000
0.138009
0.000000
0.050856
0.000000
0.000000
0.000000
0.000000
0.000000
0.000000
0.000000
0.003014
0.000000
0.000000
0.000000
0.069590
0.015339
0.086520
0.000000
0.000000
0.000000
0.028499
0.000000
0.000000
0.154203
0.004510
0.132589
0.080614
0.028825
0.000000
0.000000
0.076009
0.000000
0.000000
0.000000
0.000000
0.000000
0.000000
0.007913
0.000000
0.000000
0.063741
0.132907
0.004984
0.000000
0.021230
0.000000
0.039075
0.000000
0.066944
0.034610
0.000000
0.000000
0.052362
0.005783
0.000000
0.000000
0.000000
0.000000
0.000000
0.107245
0.000000
0.067895
0.000000
0.000000
0.018861
0.000000
0.000000
0.031417
0.024057
0.000000
0.000000
0.000000
0.000000
0.000000
0.015795
0.013443
0.000000
0.067084
0.000000
0.011078
0.027519
0.000000
0.000000
0.000000
0.000000
0.000000
0.000000
0.000000
0.000000
0.000000
0.000000
0.000000
0.023988
0.000000
0.000000
0.000000
0.000000
0.000000
0.000000
0.033255
0.011984
0.000000
0.000000
0.000000
0.000000
0.000000
0.000000
0.000000
0.000000
0.000000
0.000000
0.000000
0.000000
0.000000
0.000000
0.100639
0.100745
0.000000
0.000000
0.003567
0.000000
0.000000
0.000000
0.084910
0.049793
0.028164
0.119633
0.000000
0.000000
0.000000
0.000000
0.000000
0.000000
0.000000
0.000000
0.000000
0.000000
0.000000
0.099011
0.001249
0.024742
0.000000
0.000000
0.000000
0.000000
0.000000
0.000000
0.000000
0.000000
0.000000
0.038427
0.000000
0.000000
0.000000
0.000000
0.054198
0.010431
0.000000
0.000000
0.000000
0.002315
0.000000
0.000000
0.000000
0.000000
0.038314
0.020012
0.008818
0.000081
0.000000
0.018715
0.000000
0.000000
0.000000
0.036945
0.013803
0.000000
0.000000
0.000000
0.000000
0.058561
0.035995
0.101682
0.045318
0.000000
0.000000
0.000000
0.000000
0.000000
0.041816
0.067086
0.000000
0.000000
0.000000
0.000000
0.000000
0.000000
0.128895
0.030551
0.027808
0.029417
0.000000
0.000000
0.000000
0.000000
0.037105
0.000000
0.000000
0.000000
0.033147
0.000000
0.000000
0.000000
0.000000
0.000000
0.000000
0.000000
0.000000
0.000000
0.000000
0.000000
0.004336
0.000000
0.000000
0.000000
0.000000
0.000000
0.000000
0.000000
0.000000
0.000000
0.000000
0.018987
0.024560
0.000000
0.000000
0.000000
0.000000
0.000000
0.000000
0.000000
0.003452
0.000000
0.091993
0.000000
0.000000
0.000000
0.008181
0.000000
0.000000
0.009088
0.000000
0.000000
0.000000
0.018103
0.017298
0.000000
0.000000
0.000000
0.000000
0.000000
0.000000
0.000000
0.021037
0.000000
0.000000
0.000000
0.000000
0.035218
0.068719
0.134317
0.101317
0.086372
0.006387
0.019222
0.090313
0.007652
0.000000
0.000000
0.000000
0.000000
0.000000
0.000000
0.000000
0.000000
0.000000
0.000000
0.000000
0.000000
0.000000
0.000000
0.043184
0.000000
0.000000
0.000000
0.000000
0.000000
0.000000
0.000000
0.000000
0.098660
0.000000
0.000000
0.000000
0.000000
0.000000
0.135422
0.028646
0.012200
0.023419
0.017493
0.026001
0.074805
0.000327
0.000000
0.000000
0.000000
0.000000
0.000000
0.049839
0.089540
0.019329
0.000000
0.000000
0.000000
0.000000
0.000000
0.014578
0.000000
0.000000
0.000000
0.000000
0.000000
0.044128
0.102613
0.152738
0.000000
0.000000
0.000000
0.000000
0.000000
0.000000
0.022086
0.000000
0.049648
0.000624
0.000000
0.000000
0.000000
0.000000
0.000000
0.000000
0.000000
0.030830
0.000000
0.028776
0.000000
0.000000
0.016704
0.000000
0.000000
0.000000
0.000000
0.000000
0.000000
0.060995
0.000000
0.000000
0.000000
0.000000
0.000000
0.054727
0.029977
0.000000
0.014298
0.000000
0.000000
0.027457
0.000000
0.000000
0.000000
0.000000
0.000000
0.000000
0.000000
0.000000
0.000000
0.050366
0.048532
0.000689
0.033830
0.087678
0.038408
0.000000
0.000000
0.000000
0.029201
0.091184
0.002581
0.070279
0.003940
0.000000
0.017009
0.000000
0.000000
0.000000
0.000000
0.000000
0.000000
0.000000
0.000000
0.000000
0.000000
0.000000
0.004729
0.084634
0.004365
0.000000
0.000000
0.000000
0.065916
0.000000
0.000000
0.000000
0.007639
0.000000
0.147677
0.095741
0.000000
0.000000
0.070873
0.000000
0.000000
0.000000
0.000000
0.000000
0.000000
0.000000
0.000000
0.000000
0.000000
0.000000
0.000000
0.000000
0.000000
0.000000
0.000000
0.000000
0.000000
0.000000
0.000000
0.000788
0.018593
0.064090
0.038814
0.066810
0.000000
0.069172
0.000000
0.000000
0.000000
0.017888
0.000000
0.029510
0.145639
0.000000
0.000000
0.000000
0.060379
0.000000
0.000000
0.000000
0.000000
0.109162
0.023680
0.016255
0.015741
0.000000
0.000000
0.000000
0.000000
0.000000
0.000000
0.000000
0.000000
0.000000
0.000000
0.000000
0.028097
0.000000
0.000000
0.000000
0.000000
0.000000
0.000000
0.011764
0.000000
0.000000
0.000000
0.000000
0.000000
0.063104
0.000000
0.000000
0.000000
0.032047
0.000000
0.041748
0.000000
0.000000
0.065205
0.049634
0.012374
0.052591
0.000000
0.065451
0.000012
0.000000
0.000000
0.000000
0.000000
0.000000
0.000000
0.000000
0.000000
0.000000
0.000000
0.000000
0.000000
0.011857
0.016443
0.076050
0.000000
0.000000
0.017848
0.005276
0.114624
0.033929
0.100178
0.070709
0.070312
0.000000
0.000000
0.047426
0.003494
0.000000
0.066830
0.026080
0.081279
0.008800
0.067249
0.000000
0.014428
0.000000
0.047871
0.000000
0.077357
0.064465
0.000000
0.000000
0.000000
0.000000
0.000000
0.000000
0.000000
0.000000
0.000000
0.000000
0.019296
0.000000
0.000000
0.000000
0.000000
0.027213
0.000000
0.010918
0.000000
0.038043
0.000000
0.000000
0.000000
0.000000
0.000000
0.000000
0.000000
0.000000
0.000000
0.000000
0.001850
0.002164
0.131069
0.010081
0.000000
0.000000
0.024411
0.000000
0.012085
0.069588
0.042878
0.000000
0.180855
