0.000000
0.000000
0.104171
0.005550
0.000000
0.000000
0.045993
0.042079
0.000000
0.000000
0.018104
0.095792
0.000000
0.000000
0.000000
0.000000
0.000000
0.000000
0.153602
0.000000
0.000000
0.000000
0.055166
0.019297
0.000000
0.041110
0.011149
0.000000
0.000000
0.000000
0.000000
0.000000
0.000000
0.000000
0.012095
0.021520
0.008996
0.091704
0.040990
0.079167
0.000000
0.000000
0.000000
0.000000
0.000000
0.126164
0.000000
0.000000
0.043188
0.032600
0.055149
0.059828
0.009532
0.000000
0.000000
0.000000
0.000000
0.000000
0.045429
0.019432
0.000000
0.030970
0.065579
0.012939
0.078661
0.060804
0.004610
0.000000
0.000000
0.000000
0.000000
0.000000
0.000000
0.000000
0.000000
0.000000
0.000000
0.000000
0.016805
0.000000
0.000000
0.000000
0.000000
0.000000
0.000000
0.068346
0.000000
0.000000
0.000000
0.000000
0.000000
0.000000
0.000000
0.000000
0.000000
0.000000
0.000000
0.000000
0.000000
0.000000
0.000000
0.000000
0.000000
0.000000
0.000000
0.000000
0.058820
0.029528
0.000000
0.000000
0.005555
0.000000
0.000000
0.000000
0.000000
0.000000
0.000000
0.000000
0.000000
0.033177
0.003386
0.000000
0.000000
0.000000
0.000000
0.000000
0.000000
0.000000
0.018648
0.000000
0.000000
0.000000
0.000000
0.000000
0.000000
0.000000
0.000000
0.000000
0.088872
0.020814
0.041583
0.000000
0.000000
0.013825
0.000000
0.000000
0.000000
0.003037
0.000000
0.000000
0.000000
0.000000
0.000000
0.000000
0.018434
0.000000
0.000000
0.074050
0.000000
0.050403
0.000000
0.095360
0.071005
0.108718
0.033975
0.200538
0.030179
0.106839
0.012006
0.000000
0.000000
0.000000
0.010051
0.000000
0.000000
0.000000
0.149607
0.014346
0.147979
0.000000
0.007047
0.078370
0.000000
0.000000
0.000000
0.068042
0.061867
0.000000
0.000000
0.000000
0.070138
0.000000
0.000000
0.000000
0.000000
0.028229
0.082531
0.168731
0.036907
