0.066093
0.048235
0.008163
0.005766
0.050392
0.088499
0.015261
0.005897
0.017847
0.080433
0.005125
0.024377
0.028856
0.008606
0.000116
0.044678
0.026936
0.061569
0.116156
0.001332
0.157803
0.035448
0.028140
0.000590
0.010967
0.003957
0.057593
0.027143
0.022154
0.023695
0.008150
0.098816
0.075972
0.136057
0.109775
0.070873
0.071111
0.002907
0.061742
0.051865
0.005055
0.098174
0.064918
0.051148
0.032174
0.058260
0.097594
0.089980
0.097175
0.075720
0.006104
0.058677
0.044745
0.020139
0.054996
0.019847
0.005750
0.032985
0.126471
0.009608
0.072684
0.001232
0.014345
0.016246
0.027216
0.001106
0.021796
0.128295
0.077732
0.026802
0.091929
0.028881
0.003305
0.028542
0.001728
0.017074
0.014877
0.187251
0.018336
0.045597
0.161404
0.118586
0.013353
0.004699
0.028007
0.072618
0.066601
0.036960
0.017457
0.022354
0.042021
0.019667
0.106495
0.078222
0.025019
0.073319
0.016835
0.078527
0.009895
0.148462
0.060300
0.125379
0.075363
0.141462
0.117342
0.128574
0.120501
0.000862
0.070133
0.001549
0.028653
0.016641
0.074085
0.004640
0.043024
0.054621
0.079041
0.042341
0.063212
0.016210
0.054579
0.034041
0.206619
0.030768
0.116008
0.038522
0.010896
0.042531
0.079264
0.053202
0.016690
0.082592
0.032197
0.034566
0.025811
0.035772
0.003201
0.074098
0.004104
0.036442
0.025207
0.063305
0.068260
0.000270
0.020040
0.135082
0.031694
0.056222
0.035825
0.097506
0.039108
0.038376
0.022823
0.009197
0.001123
0.048537
0.037463
0.042541
0.058895
0.276437
0.068815
0.036767
0.025256
0.059125
0.044802
0.018518
0.037829
0.011504
0.047812
0.032765
0.004880
0.046695
0.034410
0.022854
0.008858
0.028836
0.000984
0.009473
0.098377
0.046802
0.117760
0.101115
0.241787
0.002735
0.074486
0.009214
0.001974
0.063214
0.157318
0.003914
0.004755
0.224603
0.050668
0.080314
0.032385
0.021938
0.035196
0.042490
0.002912
0.022259
0.024555
0.014312
0.003934
0.046047
0.024176
0.008986
0.047749
0.013058
0.064966
0.031543
0.015165
0.022233
0.080264
0.041548
0.010766
0.004332
0.070212
0.075666
0.073692
0.018920
0.110404
0.035170
0.001001
0.042553
0.015039
0.025644
0.003603
0.082025
0.023785
0.000537
0.009044
0.113499
0.089964
0.187252
0.148446
0.019177
0.012484
0.030681
0.072018
0.054770
0.077080
0.087352
0.018570
0.002652
0.036479
0.051417
0.010748
0.023822
0.038085
0.077498
0.131759
0.032703
0.037305
0.034721
0.027165
0.006828
0.018858
0.010856
0.031555
0.072114
0.010066
0.093776
0.084498
0.000746
0.007300
0.057255
0.101359
0.041492
0.049229
0.005095
0.143740
0.077932
0.014073
0.022765
0.215220
0.037761
0.039590
0.054998
0.001688
0.010858
0.102914
0.032429
0.000620
0.075489
0.028316
0.022987
0.007623
0.037912
0.124111
0.098193
0.002154
0.085131
0.037458
0.081298
0.079327
0.012266
0.050350
0.094934
0.024649
0.057458
0.011755
0.027838
0.011120
0.021843
0.019950
0.016772
0.073675
0.068565
0.012824
0.010506
0.029760
0.016806
0.001717
0.050172
0.020954
0.016311
0.011275
0.061232
0.029600
0.008931
0.011360
0.068773
0.053145
0.011269
0.019273
0.005435
0.067221
0.035547
0.025469
0.084490
0.081468
0.031157
0.004080
0.017582
0.003823
0.074232
0.191036
0.008961
0.051621
0.059072
0.022650
0.147089
0.025943
0.117024
0.075513
0.059125
0.013473
0.039310
0.012695
0.009636
0.146924
0.116504
0.083376
0.067992
0.028084
0.015040
0.007218
0.031608
0.046013
0.024923
0.141419
0.005973
0.011630
0.013188
0.037041
0.025166
0.046972
0.009736
0.043290
0.107384
0.027186
0.041754
0.033292
0.052198
0.015911
0.081447
0.055531
0.023306
0.153540
0.051593
0.043261
0.057180
0.048856
0.120653
0.104905
0.068309
0.076564
0.065507
0.100247
0.068055
0.019973
0.103015
0.060875
0.074993
0.064836
0.018106
0.105926
0.095793
0.021464
0.010747
0.000976
0.023518
0.004032
0.004592
0.088387
0.010287
0.052812
0.013709
0.042043
0.014632
0.025901
0.007684
0.012171
0.000718
0.007601
0.063271
0.001939
0.072901
0.024346
0.054427
0.025377
0.013239
0.003372
0.030155
0.116767
0.072113
0.133690
0.039250
0.020236
0.006299
0.001483
0.151551
0.079584
0.101480
0.139857
0.088099
0.018167
0.038173
0.038101
0.035122
0.185433
0.006863
0.002229
0.005671
0.014450
0.011721
0.215926
0.206459
0.204167
0.043165
0.086298
0.111120
0.079897
0.156227
0.040937
0.007387
0.093942
0.016663
0.105884
0.006673
0.048970
0.048681
0.006027
0.004213
0.031067
0.002530
0.007025
0.020951
0.103665
0.073570
0.006351
0.013375
0.020369
0.112835
0.022342
0.005511
0.024149
0.022238
0.021674
0.000415
0.058631
0.003536
0.010889
0.041005
0.001121
0.039061
0.008990
0.040148
0.047782
0.036151
0.025825
0.000348
0.026471
0.025872
0.064402
0.061818
0.042474
0.002659
0.053072
0.030634
0.099110
0.064762
0.050953
0.080842
0.129878
0.020775
0.061900
0.011176
0.083429
0.003423
0.004918
0.169708
0.156383
0.291116
0.290003
0.330527
0.337256
0.357582
0.365800
0.260880
0.242637
0.173025
0.085196
0.120972
0.118288
0.012538
0.003419
0.031450
0.025725
0.011874
0.052266
0.020508
0.004874
0.054574
0.054525
0.126080
0.009362
0.068813
0.044368
0.162766
0.013426
0.071368
0.040979
0.081769
0.099121
0.131202
0.081627
0.059235
0.019853
0.035971
0.019918
0.021905
0.009393
0.090083
0.031596
0.017534
0.040921
0.058742
0.049347
0.032857
0.090764
0.058279
0.007350
0.023400
0.010337
0.192447
0.187425
0.264708
0.192659
0.088833
0.146526
0.163672
0.096305
0.001954
0.038974
0.116777
0.017415
0.008381
0.000034
0.047752
0.057772
0.042628
0.016171
0.034149
0.032922
0.028998
0.017788
0.090231
0.019174
0.024876
0.033187
0.024131
0.133941
0.007691
0.032053
0.040642
0.035190
0.006531
0.004562
0.019722
0.009367
0.006310
0.000571
0.014044
0.022872
0.329356
0.208932
0.007524
0.052099
0.049198
0.134318
0.133926
0.021313
0.032837
0.072476
0.061608
0.006315
0.053701
0.175101
0.112142
0.050296
0.071595
0.097692
0.080116
0.003702
0.066308
0.072339
0.021012
0.029113
0.081341
0.070029
0.018849
0.042482
0.090035
0.002430
0.025543
0.180845
0.136267
0.055965
0.111932
0.017760
0.069961
0.022251
0.096676
0.062695
0.030715
0.018726
0.025232
0.040653
0.037223
0.044023
0.013394
0.035071
0.029442
0.075601
0.098293
0.007773
0.006630
0.029834
0.043188
0.027784
0.015443
0.016118
0.033159
0.027984
0.011694
0.025028
0.033274
0.023231
0.006698
0.033397
0.071969
0.041178
0.017868
0.027354
0.036476
0.018913
0.012997
0.038702
0.009503
0.010464
0.042801
0.015511
0.020200
0.013138
0.025147
0.017253
0.010767
0.038381
0.031914
0.000391
0.080623
0.066114
0.010872
0.042343
0.055234
0.102366
0.071074
0.079625
0.042100
0.071729
0.029739
0.029686
0.172329
0.018153
0.006021
0.141168
0.123940
0.111372
0.000697
0.000269
0.089020
0.065963
0.092879
0.072046
0.093312
0.120689
0.096715
0.063483
0.073264
0.048109
0.028766
0.027275
0.044026
0.020167
0.005415
0.003016
0.027882
0.001927
0.023896
0.140021
0.054387
0.092521
0.002675
0.004963
0.039594
0.006936
0.054977
0.025580
0.059846
0.007323
0.038448
0.247648
0.229442
0.091023
0.083098
0.121483
0.074142
0.143210
0.055429
0.038674
0.010919
0.019615
0.010006
0.009183
0.023446
0.066568
0.002375
0.053271
0.036177
0.010598
0.035809
0.021478
0.012478
0.005943
0.029770
0.022794
0.008643
0.053573
0.036315
0.009946
0.028597
0.229985
0.000986
0.011635
0.003626
0.040068
0.056683
0.005676
0.038890
0.016261
0.080610
0.001141
0.009507
0.261390
0.250623
0.271426
0.168527
0.043324
0.034591
0.075674
0.010238
0.004838
0.108967
0.081596
0.169198
0.023457
0.040144
0.142063
0.057324
0.048200
0.042384
0.040098
0.130001
0.095108
0.010262
0.031868
0.008596
0.061191
0.084063
0.037760
0.096807
0.033787
0.028623
0.046178
0.067834
0.076926
0.092858
0.075893
0.013062
0.000328
0.028468
0.003675
0.002187
0.000158
0.017237
0.063844
0.060570
0.021848
0.016212
0.047607
0.038197
0.030057
0.013920
0.024858
0.008919
0.030312
0.014869
0.030076
0.025290
0.018815
0.018470
0.001559
0.025913
0.008154
0.015247
0.012598
0.176642
0.042816
0.085645
0.011969
0.010074
0.042549
0.019533
0.076459
0.041218
0.057848
0.000536
0.112183
0.072335
0.041079
0.153011
0.056410
0.054458
0.078933
0.052696
0.034699
0.001848
0.062586
0.157639
0.019116
0.017191
0.006101
0.059914
0.012079
0.000156
0.004556
0.034118
0.010140
0.052517
0.014318
0.014080
0.047515
0.114431
0.102472
0.046002
0.007598
0.065622
0.025636
0.088378
0.047268
0.065218
0.038967
0.146208
0.127241
0.098667
0.075971
0.042761
0.027098
0.020557
0.014855
0.035492
0.066660
0.092814
0.028562
0.000874
0.010372
0.172325
0.138207
0.130032
0.001845
0.000252
0.060900
0.009910
0.067580
0.088267
0.082672
0.011232
0.026600
0.015789
0.121291
0.095933
0.039252
0.157258
0.137747
0.242278
0.158994
0.192123
0.002605
0.040542
0.010966
0.014866
0.053640
0.050109
0.104345
0.040970
0.031978
0.080749
0.040407
0.006162
0.061351
0.011003
0.086768
0.037947
0.042479
0.156584
0.039446
0.053880
0.079590
0.063258
0.144412
0.041525
0.040818
0.038203
0.006713
0.005455
0.033606
0.000305
0.050002
0.066988
0.044712
0.042406
0.005497
0.033471
0.235392
0.108367
0.094086
0.029127
0.000490
0.004430
0.027324
0.071967
0.077649
0.099774
0.004653
0.070671
0.067432
0.050016
0.006948
0.004623
0.022490
0.018673
0.013880
0.054116
0.048650
0.026924
0.049108
0.004739
0.046219
0.007353
0.062658
0.056430
0.033030
0.020886
0.089425
0.012481
0.088690
0.253772
0.033636
0.258382
0.040903
0.038431
0.024954
0.064635
0.017352
0.023167
0.103882
0.121133
0.045181
0.029504
0.095340
0.080548
0.018569
0.049743
0.029384
0.001860
0.019988
0.017970
0.093473
0.022125
0.038100
0.036115
0.214500
0.062527
0.027233
0.025601
0.017311
0.007969
0.014397
0.009634
0.080422
0.012522
0.007025
0.078638
0.042838
0.019285
0.067535
0.041675
0.064437
0.014853
0.001143
0.086465
0.065848
0.225512
0.144076
0.024738
0.128650
0.010170
0.097251
0.145441
0.059472
0.102343
0.176504
0.162712
0.221832
0.008890
0.010262
0.052113
0.011218
0.030685
0.002389
0.086023
0.051680
0.043056
0.013628
0.077296
0.042684
0.018181
0.000522
0.079406
0.029386
0.015780
0.026403
0.008562
0.014520
0.005037
0.018310
0.189534
0.080492
0.089097
0.002430
0.080324
0.023818
0.001140
0.082896
0.053046
0.018164
0.143351
0.124398
0.000671
0.087931
0.076310
0.108395
0.110682
0.015489
0.012108
0.111704
0.027389
0.018705
0.009359
0.042694
0.119906
0.092634
0.038526
0.051716
0.001632
0.024867
0.003210
0.093642
0.028852
0.033966
0.011852
0.019529
0.017762
0.107676
0.047414
0.017586
0.082516
0.022790
0.128994
0.014437
0.010342
0.099715
0.034828
0.026756
0.113149
0.001698
0.033586
0.046546
0.013221
0.142193
0.096557
0.061524
0.161043
0.043977
0.013041
0.005950
0.046690
0.049983
0.019983
0.017039
0.072966
0.000328
0.007012
0.064762
0.009883
0.038894
0.049651
0.121359
0.081573
0.048472
0.033184
0.019571
0.043143
0.040272
0.006178
0.063545
0.015766
0.008003
0.030198
0.024632
0.018635
0.001097
0.093609
0.106862
0.056383
0.006340
0.049526
0.060187
0.039049
0.012079
0.091342
0.020256
0.011030
0.003266
0.045540
0.000890
0.064664
0.010851
0.051057
0.004341
0.067459
0.059357
0.035111
0.074132
0.041117
0.049153
0.106559
0.060260
0.092544
0.403109
0.392031
0.146893
0.196369
0.147900
0.055589
0.001235
0.037243
0.134172
0.004004
0.079109
0.022825
0.090113
0.041708
0.056818
0.076170
0.067417
0.026048
0.030760
0.028883
0.011332
0.061861
0.001427
0.012055
0.024033
0.022436
0.066341
0.008368
0.018739
0.033503
0.006218
0.018319
0.077577
0.048901
0.044389
0.042173
0.029195
0.023854
0.007784
0.052209
0.008288
0.038350
0.015403
0.050207
0.014985
0.095181
0.074628
0.244492
0.213668
0.300961
