0.062685
0.001627
0.071600
0.048894
0.086390
0.027642
0.007959
0.003135
0.002056
0.059338
0.082023
0.059850
0.014139
0.012806
0.007473
0.080344
0.039642
0.004677
0.046924
0.094519
0.047711
0.020051
0.070685
0.005515
0.084592
0.155015
0.094448
0.081488
0.042479
0.076730
0.056607
0.000291
0.137409
0.119252
0.050155
0.055547
0.026570
0.028684
0.024464
0.037428
0.190593
0.006664
0.147483
0.025298
0.024158
0.001210
0.035597
0.026028
0.091872
0.047305
0.001220
0.025510
0.009976
0.002995
0.018106
0.027690
0.084992
0.003982
0.005476
0.135505
0.018407
0.046039
0.042410
0.033451
0.102408
0.013448
0.042865
0.020155
0.082849
0.101988
0.137483
0.134016
0.189863
0.078389
0.111653
0.142353
0.019524
0.029095
0.066900
0.030372
0.004874
0.030808
0.128825
0.025867
0.005701
0.000575
0.005202
0.033663
0.002590
0.111908
0.012238
0.122830
0.108210
0.065611
0.031719
0.013816
0.012483
0.008288
0.131576
0.010750
0.082631
0.005805
0.024035
0.018074
0.024324
0.043509
0.000999
0.109753
0.008350
0.129489
0.009051
0.055249
0.036963
0.023972
0.255062
0.208988
0.321398
0.309805
0.055597
0.108784
0.015148
0.059595
0.035841
0.065557
0.024416
0.068069
0.210153
0.012235
0.028712
0.055087
0.003870
0.028768
0.154650
0.050429
0.122312
0.124346
0.024086
0.010505
0.059618
0.032071
0.042463
0.010860
0.108120
0.058401
0.062596
0.051192
0.055357
0.014377
0.032108
0.045082
0.017828
0.030136
0.001257
0.001349
0.000432
0.083599
0.069145
0.122003
0.129267
0.069299
0.063644
0.024244
0.087318
0.081511
0.095029
0.051117
0.070534
0.127026
0.137671
0.053936
0.039669
0.043579
0.041175
0.039578
0.066885
0.013991
0.087591
0.071885
0.007325
0.154932
0.034950
0.027537
0.000736
0.016181
0.037457
0.021275
0.018241
0.070948
0.079755
0.161406
0.044361
0.108521
0.107338
0.048127
0.067722
0.002520
0.048083
0.036168
0.001248
0.073791
0.001422
