0.000124
0.059657
0.031755
0.056746
0.052149
0.075390
0.062552
0.002675
0.064245
0.102405
0.062975
0.030631
0.018016
0.058993
0.028382
0.022684
0.017130
0.030625
0.007385
0.060512
0.056807
0.027615
0.039963
0.076791
0.081480
0.071661
0.068613
0.007769
0.101208
0.121609
0.108527
0.068382
0.047643
0.088392
0.017772
0.012129
0.015995
0.060871
0.071374
0.012710
0.035266
0.000810
0.039044
0.005676
0.072608
0.062433
0.006831
0.060921
0.013897
0.089008
0.112342
0.089462
0.024235
0.082640
0.025031
0.004533
0.185447
0.160189
0.122811
0.168313
0.122422
0.105268
0.038101
0.017687
0.221957
0.150901
0.044853
0.019610
0.047917
0.039157
0.006712
0.067922
0.001224
0.016150
0.062325
0.078191
0.074483
0.103393
0.014852
0.056975
0.072885
0.033006
0.257330
0.187717
0.038213
0.091470
0.183198
0.012492
0.051681
0.104412
0.030624
0.099438
0.002925
0.042509
0.129288
0.126855
0.002141
0.061163
0.097266
0.093432
0.001583
0.003624
0.007487
0.011481
0.194054
0.001512
0.022659
0.125205
0.067836
0.006141
0.048868
0.007297
0.064465
0.086292
0.015086
0.004546
0.009762
0.016562
0.005021
0.001809
0.021796
0.080496
0.048462
0.035009
0.018982
0.046358
0.015168
0.036974
0.010754
0.030570
0.006728
0.114941
0.023365
0.007730
0.034623
0.061686
0.059093
0.008496
0.007218
0.025561
0.020925
0.039616
0.040962
0.028150
0.003505
0.027673
0.045930
0.075748
0.020554
0.047743
0.013437
0.105086
0.007867
0.182032
0.000966
0.028255
0.077465
0.097874
0.003322
0.053440
0.022390
0.014826
0.017189
0.000989
0.321379
0.247999
0.179011
0.095358
0.041061
0.001748
0.008677
0.052033
0.046546
0.098254
0.082263
0.004610
0.000685
0.138195
0.136775
0.065684
0.013821
0.005927
0.020341
0.045238
0.041511
0.028398
0.004147
0.013955
0.068300
0.066018
0.044145
0.187910
0.163787
0.022097
0.033023
0.057821
0.071744
0.025762
0.040948
0.065639
0.036513
