0.0566038
0.0754717
0.0943396
0.113208
0.132075
0.150943
0.169811
0.188679
0.207547
0.226415
0.245283
0.264151
0.283019
0.301887
0.320755
0.339623
0.358491
0.377358
0.396226
0.415094
0.433962
0.45283
0.471698
0.490566
0.509434
0.528302
0.54717
0.566038
0.584906
0.603774
0.622642
0.0566038
0.0754717
0.0943396
0.113208
0.132075
0.150943
0.169811
0.188679
0.207547
0.226415
0.245283
0.264151
0.283019
0.301887
0.320755
0.339623
0.358491
0.377358
0.396226
0.415094
0.433962
0.45283
0.471698
0.490566
0.509434
0.528302
0.54717
