0.02
0.0204082
0.0208333
0.0212766
0.0217391
0.0222222
0.0227273
0.0232558
0.0238095
0.0243902
0.025
0.025641
0.0263158
0.027027
0.0277778
0.0285714
0.0294118
0.030303
0.03125
0.0322581
0.0333333
0.0344828
0.0357143
0.037037
0.0384615
0.04
0.0416667
0.0434783
0.0454545
0.047619
0.05
0.02
0.0204082
0.0208333
0.0212766
0.0217391
0.0222222
0.0227273
0.0232558
0.0238095
0.0243902
0.025
0.025641
0.0263158
0.027027
0.0277778
0.0285714
0.0294118
0.030303
0.03125
0.0322581
0.0333333
0.0344828
0.0357143
0.037037
0.0384615
0.04
0.0416667
