0.00113208
0.00154024
0.00196541
0.00240867
0.00287121
0.0033543
0.00385935
0.00438789
0.0049416
0.00552232
0.00613208
0.0067731
0.00744786
0.0081591
0.00890985
0.0097035
0.0105438
0.0114351
0.0123821
0.0133901
0.0144654
0.0156148
0.0168464
0.0181691
0.0195936
0.0211321
0.0227987
0.0246103
0.0265866
0.0287511
0.0311321
0.00113208
0.00154024
0.00196541
0.00240867
0.00287121
0.0033543
0.00385935
0.00438789
0.0049416
0.00552232
0.00613208
0.0067731
0.00744786
0.0081591
0.00890985
0.0097035
0.0105438
0.0114351
0.0123821
0.0133901
0.0144654
0.0156148
0.0168464
0.0181691
0.0195936
0.0211321
0.0227987
