0.00339623
0.00616095
0.00982704
0.014452
0.0200984
0.0268344
0.0347341
0.0438789
0.0543576
0.0662678
0.079717
0.0948234
0.111718
0.130546
0.151468
0.174663
0.200333
0.228702
0.260024
0.294583
0.332704
0.374756
0.421159
0.472397
0.529028
0.591698
0.661164
0.73831
0.824185
0.920036
1.02736
0.00339623
0.00616095
0.00982704
0.014452
0.0200984
0.0268344
0.0347341
0.0438789
0.0543576
0.0662678
0.079717
0.0948234
0.111718
0.130546
0.151468
0.174663
0.200333
0.228702
0.260024
0.294583
0.332704
0.374756
0.421159
0.472397
0.529028
0.591698
0.661164
